6605, 2755, 7354, 6165, 9681, 9179, 2517, 103, 4655, 2929
3321, 1261, 4166, 6308, 9592, 4148, 2740, 4982, 4218, 1775
110, 5248, 8025, 6612, 6560, 7492, 2015, 2596, 8964, 438
9977, 2043, 9366, 2377, 8427, 5960, 3356, 4560, 8411, 9417
9487, 7192, 3923, 6782, 5030, 158, 5377, 4459, 2318, 4745
1277, 8984, 8583, 2493, 6728, 8695, 8848, 491, 1311, 4364
263, 2309, 9521, 4827, 9725, 6342, 1869, 4392, 650, 7271
8798, 9835, 6009, 6421, 6025, 5591, 8480, 2947, 3584, 1105
1137, 2035, 2267, 4353, 7373, 9143, 3196, 4410, 4508, 1816
4762, 6651, 6701, 3137, 7478, 2095, 3533, 9737, 4324, 2024
9745, 8399, 3896, 6695, 6295, 6941, 855, 3274, 3117, 5301
3041, 2408, 8493, 9474, 9073, 7519, 376, 7015, 7850, 4605
2880, 420, 7347, 3441, 6699, 6763, 5353, 9759, 1295, 2869
6412, 9201, 404, 954, 950, 7672, 2507, 8811, 381, 454
7784, 8957, 995, 2860, 3671, 7041, 471, 2625, 9552, 9125
1785, 5913, 4706, 2851, 2864, 8388, 7478, 8057, 2371, 3232
7280, 7989, 9534, 5371, 7761, 1611, 2173, 2606, 520, 9137
2391, 4873, 6940, 7248, 7145, 7282, 1552, 3074, 8185, 2224
8097, 5984, 9038, 8107, 7940, 2962, 4772, 8145, 9575, 7918
5610, 9489, 9143, 3435, 1653, 3016, 2102, 5150, 1136, 7917
9502, 2914, 266, 8826, 7040, 4348, 6151, 9179, 8747, 4337
1151, 5365, 7425, 3625, 5511, 8313, 137, 966, 7129, 2156
5524, 864, 3768, 2485, 9228, 128, 3191, 5018, 9871, 9434
7207, 4747, 7397, 2952, 9511, 3321, 2799, 7932, 7548, 5978
6489, 3174, 6749, 4377, 4178, 1793, 75, 3133, 8869, 5205
1931, 2522, 6877, 8715, 1321, 2163, 4583, 448, 2500, 7843
3056, 9836, 364, 4815, 1030, 3470, 1583, 1362, 5940, 9876
7455, 8879, 3135, 6477, 751, 2061, 7104, 9563, 965, 1706
8124, 3824, 5173, 3152, 3059, 2997, 2039, 6367, 6400, 683
4649, 7046, 953, 7987, 3346, 850, 1157, 6180, 4181, 9672
3444, 1986, 7920, 635, 2931, 3689, 1502, 6574, 14, 7496
3352, 4598, 2982, 130, 3663, 4555, 927, 9506, 2832, 6167
6721, 5158, 3250, 1728, 70, 5832, 4128, 2016, 6941, 6455
6795, 608, 6852, 1186, 2594, 716, 1106, 1534, 3824, 4771
9314, 4780, 5497, 153, 7082, 3737, 4054, 1066, 4743, 2641
4939, 3636, 3806, 2551, 2242, 7759, 384, 8889, 4809, 710
6048, 4919, 6679, 9716, 672, 3827, 6479, 1794, 3665, 3584
5179, 2460, 9591, 5314, 9293, 4401, 2153, 6715, 4167, 9101
2895, 8246, 9941, 7653, 3986, 3586, 2301, 7818, 202, 5486
594, 262, 5242, 2259, 3003, 8318, 5332, 6305, 6187, 1864
944, 4735, 8690, 1174, 5975, 1538, 7906, 4376, 8654, 1786
3242, 2923, 9300, 7044, 705, 1296, 6927, 8524, 434, 6014
1999, 4214, 4286, 122, 2163, 7966, 5027, 9133, 808, 3063
4831, 8197, 8129, 6037, 6968, 7739, 1696, 6453, 9525, 4059
543, 8696, 6438, 8543, 7445, 6351, 8643, 8467, 5818, 7455
9240, 4048, 7060, 4633, 5823, 48, 6020, 2217, 6581, 2793
3924, 6517, 5841, 4196, 9553, 7539, 2142, 8992, 6783, 8150
927, 174, 5919, 823, 17, 3083, 8, 5764, 7605, 261
4617, 4749, 359, 3585, 3709, 351, 4007, 7128, 7736, 5427
608, 4950, 7119, 319, 1951, 7030, 437, 7892, 7272, 8934
6307, 3915, 1773, 7608, 6512, 1306, 4340, 4053, 4568, 3372
2361, 9082, 1975, 2810, 426, 623, 9013, 2452, 9858, 4016
3460, 9871, 5680, 9051, 7068, 5803, 1715, 3879, 3404, 2629
5526, 7224, 3466, 5733, 6678, 6111, 5108, 4774, 4057, 9626
2117, 5463, 7640, 7690, 4761, 3534, 2986, 2522, 8043, 4175
1494, 5142, 7068, 6987, 9966, 5812, 7104, 7869, 6727, 9606
3647, 5013, 3084, 9095, 5044, 7127, 5725, 5709, 6603, 2710
9434, 6569, 5775, 3799, 5848, 44, 8829, 1152, 2819, 9278
8944, 9319, 2255, 5332, 7368, 7205, 8146, 8987, 4346, 7566
5974, 1334, 4731, 3352, 4474, 1605, 7629, 7721, 2161, 7155
3824, 1003, 8170, 8570, 3365, 3036, 6785, 6248, 9407, 2126
1511, 6305, 2823, 3161, 1814, 6131, 4452, 4293, 7352, 3541
7280, 9192, 7190, 7078, 3825, 4374, 7373, 2110, 9678, 2765
7713, 3689, 4023, 237, 482, 4446, 7014, 564, 6338, 8968
8513, 8150, 4017, 7095, 9194, 5618, 3746, 8197, 1545, 9049
4096, 9161, 7665, 2783, 7329, 2206, 8648, 9716, 5698, 5084
6567, 9218, 8380, 4041, 9646, 9019, 294, 7299, 5245, 8182
7268, 5027, 9411, 2402, 101, 9648, 5502, 8574, 9640, 2016
7098, 2617, 8983, 2790, 6897, 9324, 4144, 4311, 1972, 1439
4628, 7027, 4809, 4148, 2261, 42, 2172, 6705, 1193, 9666
4420, 2455, 6680, 730, 3801, 3542, 8726, 9773, 2273, 7971
1099, 9464, 5581, 6277, 3801, 3170, 5961, 2416, 622, 6867
3569, 9748, 3677, 5501, 4040, 519, 2790, 4217, 6070, 407
7580, 8949, 2202, 3307, 4319, 2747, 4824, 4037, 6225, 4189
1918, 4695, 4473, 7791, 543, 1972, 2362, 1772, 9876, 9505
7413, 4215, 6785, 1690, 5628, 6409, 4023, 4530, 5119, 4884
2643, 8559, 4918, 382, 8780, 3552, 8210, 1952, 4708, 8879
5226, 6299, 3897, 5678, 2206, 3217, 4463, 4289, 608, 2189
4471, 8395, 2999, 3918, 3488, 197, 1781, 5550, 7236, 4004
9755, 7691, 2879, 8935, 5964, 1061, 3872, 2035, 3667, 1798
8395, 4313, 5527, 7504, 1903, 277, 9489, 3642, 6388, 6041
2037, 4599, 9512, 3442, 7169, 2552, 4987, 3359, 4442, 389
6007, 825, 7609, 5240, 8396, 335, 776, 1213, 8427, 1337
718, 9394, 4535, 2957, 5773, 7130, 7735, 8210, 5989, 1528
5597, 7187, 6231, 9008, 7642, 2958, 618, 7180, 9898, 7168
3778, 4620, 8827, 1371, 1374, 1379, 1523, 4813, 2538, 5042
2704, 2597, 7476, 3200, 9642, 4576, 1768, 8962, 1525, 4747
5470, 6242, 8813, 4516, 9270, 6923, 6802, 7957, 7574, 8417
6317, 5640, 5360, 508, 4851, 2480, 8201, 7706, 2968, 2956
3782, 1565, 6574, 6213, 8049, 5434, 8501, 7761, 395, 5551
8104, 6057, 9500, 3445, 1591, 3493, 4810, 9081, 8560, 8476
9624, 885, 8268, 2194, 997, 9944, 9280, 104, 4509, 2962
8902, 8687, 7544, 4522, 4076, 7582, 9840, 5806, 8535, 5615
5717, 3398, 8835, 6109, 1342, 6376, 3731, 7865, 2690, 1006
4169, 8841, 9097, 1829, 8801, 6939, 8341, 2958, 4016, 9980
3790, 5334, 7878, 5117, 3402, 4115, 8424, 6486, 7437, 9095
3543, 9685, 7853, 5915, 2953, 6449, 7706, 9989, 4998, 364
950, 2855, 5686, 7711, 3580, 2978, 6285, 7251, 1524, 9411
3552, 4406, 8037, 6890, 3667, 467, 3198, 9657, 8982, 2013
2883, 6360, 9746, 1101, 1465, 9144, 9565, 4527, 945, 78
3386, 4781, 1498, 4797, 1467, 3184, 3282, 485, 9971, 4877
4910, 444, 6145, 6402, 8889, 4908, 1203, 1771, 2909, 1256
2501, 5627, 3315, 8240, 3278, 4487, 6310, 794, 6514, 70
853, 9594, 4913, 5468, 481, 5475, 8322, 5309, 3198, 9294
1569, 3707, 754, 6224, 4064, 9004, 248, 8151, 8843, 5763
6148, 4092, 4491, 3485, 5745, 2179, 4889, 7812, 2087, 3914
1787, 4863, 5877, 2376, 7121, 4937, 4688, 8871, 300, 4560
1412, 7430, 2669, 5596, 9211, 2450, 9883, 3767, 4601, 5954
4574, 3962, 8192, 5597, 44, 6068, 1638, 6718, 1441, 4151
920, 717, 2425, 5426, 482, 6881, 2347, 8758, 3803, 1850
4041, 6916, 957, 1694, 6824, 3441, 5903, 2205, 7263, 4788
7623, 4614, 5050, 1876, 558, 4306, 6012, 3956, 8583, 7568
1570, 4927, 6459, 3886, 5477, 8678, 3684, 30, 6278, 6276
8212, 1442, 5501, 2065, 2066, 5129, 1098, 5021, 6010, 7875
2228, 8637, 6933, 3360, 6813, 1545, 3080, 3648, 950, 7156
6446, 9449, 8913, 6598, 4694, 4210, 150, 2738, 651, 8021
6586, 4814, 6119, 8077, 358, 7224, 5497, 1373, 4118, 4132
982, 4315, 3064, 370, 9975, 5182, 3738, 8121, 7646, 8240
7395, 734, 4812, 370, 3362, 467, 9593, 4973, 4318, 4202
9023, 6148, 3670, 7469, 4885, 8245, 5195, 5298, 1378, 8054
8143, 2706, 5287, 1887, 2664, 1412, 4406, 4654, 4309, 2589
7058, 6367, 7850, 8701, 9075, 3798, 3312, 4428, 1614, 4023
5444, 8689, 4131, 1181, 2567, 6271, 8386, 2875, 7757, 1487
6426, 3885, 8627, 3850, 7088, 6560, 5522, 7425, 5858, 6557
8155, 6310, 2329, 2219, 4502, 1967, 4110, 2182, 6280, 4708
620, 6662, 6275, 459, 1146, 7495, 1150, 2367, 8340, 889
6878, 7818, 7242, 7364, 5634, 5052, 2795, 6299, 2183, 2929
5714, 799, 3651, 2406, 3361, 3670, 8055, 7228, 2719, 4523
291, 5408, 2205, 4326, 5004, 1932, 8120, 2795, 6313, 7139
8846, 6184, 3398, 5548, 3480, 9636, 7026, 8422, 9890, 381
8966, 8537, 380, 1487, 9854, 9121, 4076, 2637, 871, 9077
9001, 9061, 1698, 8481, 7005, 5251, 9970, 225, 8607, 2152
6507, 8150, 7461, 9572, 3871, 9079, 3286, 3120, 5876, 523
6294, 4418, 4747, 3664, 3993, 8344, 9037, 4055, 5930, 9037
5686, 9159, 4040, 7320, 8798, 7886, 5290, 6638, 4041, 4397
6, 9667, 1477, 1688, 9229, 6561, 7442, 9880, 6728, 9244
5680, 9757, 6585, 9571, 6196, 4103, 6273, 4373, 8445, 7789
9293, 1320, 7139, 1299, 1524, 3699, 9313, 9507, 2861, 4868
2826, 1415, 5400, 7998, 7956, 642, 9552, 8698, 5331, 2610
1469, 7511, 7465, 2133, 5396, 1039, 4495, 5711, 9565, 7671
8126, 4089, 2605, 7957, 4155, 6011, 8896, 7424, 774, 9535
7399, 9696, 4133, 6598, 9953, 5552, 4949, 793, 629, 708
9998, 9269, 7565, 5643, 2877, 6212, 6790, 2344, 7504, 7994
9857, 5764, 782, 6932, 6318, 7018, 3946, 1636, 392, 2198
3445, 8337, 886, 8027, 3532, 2483, 3913, 2660, 3252, 3591
4586, 2998, 6364, 1460, 6186, 848, 291, 4303, 8719, 3383
4962, 738, 665, 279, 5019, 6920, 1496, 4600, 7722, 1271
9027, 8824, 2446, 5854, 3133, 637, 8592, 2230, 9296, 7090
8674, 7147, 9393, 9947, 7940, 1133, 6914, 7022, 1678, 962
707, 7645, 8552, 5281, 84, 5902, 6233, 293, 1166, 9175
5670, 3284, 6869, 6246, 8466, 5657, 2612, 687, 6698, 9618
4311, 5540, 9806, 8586, 2118, 9241, 691, 728, 1302, 4879
8810, 4525, 310, 4538, 9316, 3955, 5152, 4401, 5074, 8795
1308, 3906, 7726, 2558, 7971, 1027, 9939, 7356, 2587, 5763
9908, 4254, 7285, 8265, 2850, 9715, 1073, 824, 8921, 4648
5422, 32, 4128, 2166, 1845, 8343, 91, 1356, 8886, 6873
6026, 5410, 1805, 7071, 2337, 2091, 4515, 6917, 698, 4023
8442, 6378, 3489, 7687, 8855, 938, 7733, 3908, 1933, 7942
2997, 6005, 3655, 1238, 4627, 9519, 7750, 5484, 3040, 8463
4218, 6805, 3528, 4039, 3395, 4022, 4198, 4520, 3178, 2921
6359, 5335, 7580, 1282, 8956, 2132, 4457, 7310, 1931, 5127
9202, 6271, 1884, 2033, 3736, 9472, 6545, 2470, 1554, 6200
2384, 6830, 9100, 6675, 4508, 4884, 6613, 4733, 9362, 1299
5757, 2951, 6067, 4699, 2479, 6370, 3446, 7559, 7245, 8091
3805, 2818, 3616, 9762, 2493, 4845, 6794, 4148, 1810, 8297
8834, 7146, 3609, 8710, 166, 448, 1464, 1769, 2887, 5030
1452, 105, 8295, 726, 2060, 9012, 3578, 6865, 7125, 8732
9170, 6887, 3587, 8703, 1440, 2317, 3109, 9479, 4074, 4794
2581, 1904, 9973, 6220, 5768, 8139, 6867, 6389, 5860, 9544
1512, 6823, 2900, 2809, 2389, 5687, 9133, 8436, 9598, 741
3713, 1832, 40, 2630, 4152, 6655, 6537, 9462, 9195, 1473
5174, 633, 2126, 1340, 3841, 9887, 3205, 7754, 8166, 6107
2117, 9576, 2169, 6771, 2211, 1214, 4001, 2446, 6261, 7353
7146, 1651, 9797, 1007, 5038, 8776, 5261, 6116, 5145, 4504
8073, 6398, 8244, 5524, 8986, 5441, 7551, 7838, 1822, 6338
5168, 2824, 277, 3263, 6327, 597, 2676, 306, 7578, 503
5521, 7075, 9899, 8407, 9142, 9043, 664, 2457, 7843, 6999
6212, 178, 6107, 7252, 9814, 7163, 6751, 6289, 8207, 2203
2142, 8898, 3255, 9171, 9170, 7598, 2513, 8614, 9985, 5999
6061, 3385, 3877, 6669, 2160, 5037, 1500, 7063, 209, 5141
8351, 6975, 4817, 8103, 26, 9029, 8421, 732, 5727, 9464
468, 6325, 4100, 5673, 5398, 4964, 6265, 3692, 2791, 6549
9019, 2522, 738, 8481, 7972, 377, 67, 5102, 6854, 2753
5398, 8462, 4993, 3068, 4217, 5624, 1956, 9614, 3502, 6579
7234, 9975, 7147, 1299, 5733, 3174, 358, 289, 9180, 7818
8348, 9429, 2020, 9086, 6912, 691, 5228, 6528, 7872, 2857
7534, 8787, 4416, 4941, 9876, 6122, 8316, 4921, 8227, 4010
7431, 8771, 9778, 2455, 9689, 301, 4143, 3142, 2891, 8617
5018, 7646, 8698, 3476, 7724, 6316, 8097, 5074, 3169, 92
100, 1236, 3608, 2036, 1186, 7663, 5894, 8974, 5112, 5065
1247, 525, 2891, 6270, 4160, 2444, 777, 903, 4000, 4181
7815, 9390, 9588, 9272, 1271, 2578, 6565, 2558, 5988, 7384
4270, 6555, 6578, 1739, 8290, 8252, 5269, 2219, 7253, 3539
1437, 9221, 6469, 4520, 6270, 3433, 8933, 9290, 3516, 1812
2092, 2565, 5030, 421, 5942, 9196, 94, 7950, 2862, 4416
6456, 3634, 8166, 8533, 2839, 7572, 6912, 9010, 8440, 1132
4, 5952, 4124, 52, 3790, 7160, 9959, 469, 3961, 2386
6184, 8842, 6273, 1101, 1468, 8404, 4228, 3684, 8373, 381
2475, 3700, 4121, 8004, 1248, 5389, 3567, 4746, 8421, 8856
8950, 3969, 2340, 7122, 950, 5410, 7530, 9409, 8055, 2621
3529, 3220, 6601, 7300, 897, 9292, 7977, 979, 3007, 8199
4902, 100, 3448, 2920, 6591, 314, 5665, 4605, 5709, 2308
3885, 8259, 613, 2883, 3348, 5733, 8344, 2657, 5690, 434
7627, 1404, 1952, 194, 9440, 4185, 198, 3516, 7241, 5386
9238, 157, 4542, 2310, 5788, 5830, 3499, 1970, 9428, 588
2526, 666, 6933, 4207, 701, 1253, 1320, 9882, 3624, 8266
7061, 3552, 5054, 6841, 5328, 825, 9715, 8607, 7853, 7512
2632, 1906, 4467, 5501, 2768, 3970, 9349, 447, 2519, 5170
8314, 420, 2327, 8003, 8175, 3110, 4639, 6215, 270, 3311
1171, 8848, 6142, 2729, 651, 3190, 8802, 2291, 5794, 6085
2589, 8582, 5423, 1025, 9747, 9743, 6139, 1722, 5207, 5788
9491, 8550, 5028, 3725, 3857, 5371, 3942, 5282, 2388, 5097
2329, 3930, 8526, 9746, 2010, 2269, 649, 6850, 6849, 3563
3603, 4418, 9961, 895, 8955, 3901, 4625, 3744, 3732, 4047
3302, 5819, 6602, 2309, 8977, 4535, 2593, 768, 4034, 6056
6717, 5380, 7046, 5638, 8080, 887, 7524, 8648, 4869, 2550
5572, 1490, 7652, 2644, 1411, 754, 7329, 2499, 900, 7604
1476, 3307, 4220, 6064, 4326, 2458, 6146, 2512, 6750, 5912
1760, 1769, 8626, 2278, 9154, 6713, 3959, 6699, 2337, 4285
5072, 5903, 862, 3824, 1778, 326, 8381, 440, 1026, 1109
4900, 9081, 4580, 7881, 3048, 949, 1805, 1157, 8549, 9903
7192, 3793, 3967, 4358, 9825, 711, 2466, 4419, 2660, 447
4526, 1486, 5688, 4713, 6578, 643, 4326, 5529, 1115, 8112
4363, 7803, 7817, 3649, 4424, 3114, 3719, 6181, 5320, 4055
6135, 7277, 4606, 219, 9868, 9646, 6937, 2533, 4945, 3171
3376, 6419, 4366, 1416, 9982, 5149, 1783, 8576, 9492, 5018
580, 114, 9925, 4190, 265, 1211, 1415, 5024, 1199, 8738
1237, 4220, 8900, 4784, 585, 8550, 3129, 8640, 4682, 5167
7058, 8517, 9269, 8564, 9365, 8502, 5605, 5372, 6383, 8805
2137, 8947, 6242, 6993, 3883, 3022, 6786, 5758, 1746, 9491
1968, 522, 723, 8477, 5894, 9985, 3333, 6758, 301, 5903
7974, 1701, 6461, 826, 9112, 2578, 2811, 5842, 6595, 9610
6707, 8043, 2034, 6534, 6484, 3726, 498, 3262, 5389, 7958
6016, 4789, 4029, 6155, 4905, 8265, 1814, 8021, 1994, 9633
9465, 8278, 8555, 4912, 4716, 6192, 106, 7978, 8429, 9257
4885, 131, 6581, 4426, 9973, 6907, 6302, 6613, 7531, 7483
7857, 9939, 355, 5334, 782, 4364, 7209, 2141, 884, 2255
546, 4980, 714, 377, 186, 1443, 3396, 8586, 468, 461
647, 7551, 8892, 5148, 4587, 6909, 3695, 5604, 7690, 5351
5268, 8354, 2252, 9663, 1852, 2426, 5744, 600, 3858, 5838
9639, 4698, 3339, 7453, 5591, 1579, 4608, 8329, 1142, 7620
1851, 1315, 8317, 8388, 1870, 950, 2558, 4016, 3291, 9512
7422, 1333, 8038, 6021, 571, 9116, 1538, 1010, 6909, 5874
7388, 7552, 3397, 8551, 7212, 5130, 9534, 3520, 2561, 1483
7477, 8657, 5339, 3105, 6402, 8531, 2118, 1872, 1354, 9918
2403, 7649, 1294, 7035, 2718, 1344, 6187, 3322, 8387, 4633
515, 6376, 5423, 4617, 5919, 2459, 2065, 2250, 4086, 886
1496, 7336, 9413, 2967, 4063, 4018, 9735, 8287, 6278, 4615
7218, 6340, 1263, 7049, 6058, 8747, 4068, 9216, 1124, 243
4588, 7308, 4933, 4739, 8698, 3468, 3395, 2255, 8946, 3781
5313, 8155, 1913, 6863, 6114, 8193, 5072, 5223, 5718, 4317
9335, 5975, 880, 1575, 8372, 4771, 1703, 4671, 5901, 5847
2749, 7461, 3172, 3493, 1073, 2853, 6318, 6280, 1136, 5598
4056, 9529, 6844, 8626, 6843, 183, 5426, 2933, 5395, 556
7823, 9439, 2853, 1534, 7915, 7313, 6248, 1511, 3091, 7644
6001, 1515, 7509, 4994, 336, 8177, 7830, 1177, 9120, 6457
7845, 2515, 218, 1049, 2768, 1282, 3804, 4031, 2177, 3004
2606, 2359, 6832, 840, 4814, 7548, 5292, 7044, 1553, 9341
5230, 2004, 1833, 1617, 5677, 2276, 4629, 71, 2818, 3096
6941, 4004, 5347, 6247, 4940, 3418, 1039, 2036, 4668, 686
1909, 7870, 9278, 4955, 1111, 6821, 784, 6629, 448, 4825
416, 8612, 4615, 9669, 9622, 6526, 3859, 3518, 7069, 7223
5596, 2545, 8358, 2369, 4668, 3657, 8101, 1190, 389, 6180
5233, 6698, 2571, 2352, 1286, 8608, 8671, 7973, 3557, 9087
5449, 2777, 2219, 2227, 8056, 2853, 6218, 2773, 3264, 21
7290, 3782, 9852, 4791, 2029, 7470, 7821, 2969, 5886, 1502
635, 237, 2652, 167, 4166, 2716, 5900, 4758, 9326, 2088
5114, 1798, 3352, 97, 7224, 7346, 5695, 1255, 1479, 4724
325, 6177, 5756, 6688, 4081, 6808, 4913, 8418, 6592, 153
6864, 1794, 611, 1230, 8232, 9456, 5562, 8579, 8466, 1896
8114, 5227, 2837, 2256, 792, 6605, 613, 3769, 7813, 1218
9031, 8814, 9440, 1686, 8888, 3705, 3672, 4142, 5237, 3252
1469, 1323, 8682, 5652, 7327, 3244, 7461, 1158, 5241, 8032
186, 5425, 3186, 9208, 4763, 4711, 7852, 9243, 998, 3482
9904, 4447, 3244, 6693, 1313, 5809, 923, 4107, 619, 8688
2310, 4555, 6799, 920, 8193, 7273, 8772, 3143, 8180, 4992
8675, 693, 4357, 3081, 6719, 9743, 7601, 1976, 7729, 6168
2433, 504, 5369, 7924, 8393, 8370, 7013, 8167, 4161, 1446
6315, 4949, 9126, 1205, 3680, 7660, 5451, 2, 1217, 9026
637, 179, 7288, 4055, 3854, 9728, 1909, 7955, 4655, 7808
3293, 4145, 143, 7480, 3894, 239, 1255, 3484, 3809, 1472
1301, 3792, 9701, 8490, 8387, 9784, 9109, 1710, 4935, 3814
7937, 3215, 3814, 5073, 4024, 5993, 3879, 1066, 4926, 1935
1836, 2828, 9508, 4703, 5419, 754, 8985, 1552, 5774, 117
239, 2996, 1593, 305, 7211, 5473, 8821, 6538, 6200, 2732
1515, 4086, 4193, 2915, 9218, 930, 3439, 6740, 4674, 1093
2825, 434, 4151, 6382, 6019, 7480, 1581, 7651, 7537, 8276
8120, 568, 2175, 5260, 9737, 5911, 9461, 2848, 5344, 7249
2510, 5371, 7512, 8744, 7941, 7867, 6508, 2718, 8180, 33
9768, 7819, 5076, 4305, 4498, 358, 4500, 8814, 9799, 4791
3581, 8622, 4153, 3017, 9617, 7622, 1071, 1756, 3594, 208
5256, 3942, 2261, 6954, 5644, 5261, 6048, 6223, 545, 5242
4835, 7664, 9991, 8557, 2671, 8119, 3304, 5906, 7950, 3406
3363, 9889, 702, 4364, 3859, 8406, 8415, 3909, 9508, 2175
7817, 3725, 3509, 4243, 3803, 7434, 9980, 864, 3496, 3362
7588, 6533, 4779, 308, 4614, 249, 5745, 5757, 5763, 6369
4078, 9064, 3381, 588, 6922, 1863, 9369, 1699, 3264, 4289
9079, 8576, 5432, 5219, 9217, 9657, 9416, 8313, 3957, 685
6893, 5007, 5332, 4394, 8052, 5633, 956, 2427, 916, 2382
6863, 8594, 1533, 8634, 2832, 5583, 1572, 3243, 3947, 9759
8284, 214, 2549, 9560, 5171, 2334, 2690, 5343, 5834, 9481
7336, 7467, 6466, 6331, 6169, 4982, 1970, 9935, 2996, 8421
9949, 5724, 8603, 6279, 9912, 7770, 1894, 5393, 7063, 3402
5074, 9244, 2145, 963, 1862, 4518, 451, 5372, 7604, 2311
7604, 3944, 7939, 9548, 6123, 8625, 794, 2483, 3944, 5574
8598, 2506, 684, 6080, 57, 5283, 2039, 3858, 8526, 4721
1690, 6498, 8529, 7845, 8238, 2242, 130, 3551, 8597, 370
8963, 9749, 8788, 9861, 9912, 9669, 2084, 4148, 5133, 9769
9257, 1791, 6168, 2246, 9585, 959, 4021, 4751, 7706, 4931
1591, 3791, 6700, 8383, 7695, 839, 5921, 1122, 6779, 9293
7349, 6426, 7546, 6339, 3159, 422, 2366, 6014, 1867, 99
3013, 8682, 8908, 2446, 668, 422, 2946, 3458, 3639, 3715
3632, 3041, 5178, 3699, 6217, 1273, 5402, 1345, 6607, 38
6481, 2088, 2975, 7635, 2290, 4588, 8385, 6775, 7581, 9000
8034, 6291, 2770, 8820, 2560, 5375, 7600, 6108, 2908, 200
4362, 7759, 5264, 9778, 3992, 2156, 6602, 8844, 2389, 9028
3652, 4027, 2377, 106, 2246, 8912, 4203, 6649, 3711, 5608
9718, 3382, 5131, 2653, 3024, 1853, 6641, 4037, 9778, 8831
7323, 2501, 8871, 8937, 9073, 6664, 843, 2395, 9845, 8462
4479, 9070, 30, 3524, 8820, 6943, 6582, 3732, 648, 3633
9066, 237, 8583, 3118, 985, 1296, 9153, 5195, 5916, 9749
8681, 2296, 6698, 4307, 7133, 8154, 2429, 7320, 902, 6988
2535, 5438, 8485, 7678, 413, 2940, 4508, 5624, 290, 2798
5969, 9665, 5274, 3864, 3997, 3936, 473, 6802, 2431, 1975
1853, 2455, 8480, 3450, 9183, 3049, 5661, 2945, 3912, 5304
3576, 6735, 8379, 2277, 1396, 3611, 396, 8682, 7692, 7869
2870, 5522, 9620, 7167, 5333, 4272, 6601, 6111, 704, 8529
2186, 1712, 4826, 5550, 7124, 6750, 4539, 6539, 9435, 1945
5679, 3127, 3440, 4898, 8676, 6888, 6618, 2410, 2245, 7053
5297, 4462, 4254, 2410, 9144, 2309, 751, 4825, 2377, 5454
6096, 4834, 8260, 8257, 9123, 7555, 6750, 2303, 8516, 9387
6583, 8456, 9013, 2461, 3743, 7883, 4348, 1947, 6907, 7443
5620, 8860, 9432, 8200, 6828, 4182, 8122, 5669, 5247, 1254
138, 1999, 9238, 5935, 4488, 8168, 4841, 1534, 4075, 9698
3269, 3977, 879, 7480, 6027, 6871, 9138, 6297, 4014, 3236
4455, 7675, 4050, 5869, 4355, 8486, 3572, 2657, 5804, 6006
288, 9582, 1206, 5756, 5633, 8903, 1014, 3616, 5712, 9648
2189, 1150, 3210, 4672, 8375, 3952, 3663, 5063, 7445, 8843
1611, 6653, 6033, 286, 4019, 3781, 1261, 6109, 5131, 3613
6044, 2743, 9226, 1880, 7486, 7635, 4836, 7990, 7128, 6695
196, 5745, 3348, 2416, 4698, 2440, 3648, 6038, 1546, 3036
5906, 6404, 278, 9229, 6325, 5149, 3323, 2571, 9359, 6068
4468, 4695, 6074, 9580, 3884, 1576, 6490, 3854, 9778, 3766
5049, 4562, 5610, 123, 7890, 4699, 2021, 2586, 6982, 2207
124, 8640, 8122, 4146, 3952, 8224, 4464, 7598, 7615, 3073
7542, 2266, 9503, 7659, 7845, 9652, 7376, 2005, 8770, 4925
1411, 9460, 1256, 8491, 6286, 9135, 5635, 7773, 1009, 6704
1213, 2046, 4423, 4420, 4530, 841, 4325, 5218, 4921, 8054
4785, 1087, 9815, 6686, 3032, 6236, 2675, 8233, 5717, 5445
2858, 3850, 6298, 8294, 7881, 8424, 9141, 7720, 5723, 9286
5155, 5174, 757, 4105, 129, 2266, 847, 2973, 8593, 9468
9867, 20, 3681, 6360, 3024, 4607, 9580, 4082, 6482, 6069
8514, 2605, 1484, 5823, 4063, 3264, 7438, 1957, 9808, 9725
8408, 8836, 8553, 6207, 6107, 7012, 5056, 2759, 1514, 9496
4479, 6105, 6500, 9931, 321, 368, 9688, 7835, 3487, 3280
3859, 6820, 3167, 8446, 1706, 3675, 4834, 451, 6211, 4737
2449, 9858, 9242, 9814, 6606, 7414, 4854, 3921, 4895, 1016
4348, 799, 6590, 5969, 5066, 3454, 1372, 9017, 2016, 7224
3876, 8328, 6840, 2871, 6335, 7446, 988, 3849, 2717, 6766
25, 8696, 9388, 822, 469, 3158, 111, 9985, 6628, 8341
8187, 6232, 9703, 9462, 6421, 802, 6902, 5555, 4009, 2424
8827, 9851, 5674, 4836, 6910, 397, 7932, 9082, 29, 4868
8755, 8681, 3675, 3633, 5213, 7644, 4445, 7545, 9360, 9756
9324, 266, 631, 5349, 3043, 7043, 8487, 4195, 1601, 4708
4953, 1929, 1392, 3234, 1871, 1007, 1147, 1525, 3510, 1119
8416, 7322, 6353, 5006, 4097, 5597, 9178, 7759, 8886, 2885
8154, 8719, 4458, 2450, 4807, 9464, 1245, 7403, 664, 2632
2138, 5104, 1316, 1956, 6149, 9365, 8883, 8298, 2522, 9565
3541, 3963, 25, 7497, 8698, 9522, 6850, 2295, 7794, 9416
3168, 2676, 1474, 3178, 8333, 6230, 3157, 3820, 6793, 6133
8187, 4413, 2845, 1877, 8961, 4140, 403, 6723, 3639, 3670
3092, 3753, 6260, 4419, 3428, 2009, 2639, 7165, 9069, 2862
2557, 9211, 2145, 9370, 7710, 4226, 6909, 7321, 2905, 1461
6402, 9096, 8220, 3313, 6644, 8458, 4095, 5954, 2344, 8089
6982, 2547, 9688, 5407, 8715, 5135, 183, 1102, 6717, 181
5830, 4609, 9208, 9468, 8404, 1885, 9277, 5569, 9200, 5824
2210, 9494, 765, 9109, 5977, 2519, 4882, 9441, 4328, 2066
9403, 4228, 6843, 7466, 8390, 8988, 5592, 3456, 7171, 7565
9837, 9943, 5119, 9306, 5566, 159, 2202, 1041, 2852, 5703
4345, 504, 1187, 2273, 1074, 7462, 1985, 236, 6394, 312
8890, 4477, 2025, 1249, 2690, 9721, 7490, 9564, 3995, 142
8308, 6401, 7984, 1027, 1387, 4199, 3650, 9172, 4378, 2894
8775, 2613, 6483, 7225, 2691, 9967, 8236, 3257, 2842, 7640
5222, 4263, 6036, 2893, 1426, 1539, 4639, 5516, 7296, 337
916, 3198, 7824, 1437, 8258, 2655, 352, 4263, 7606, 8781
7830, 9313, 3407, 7730, 7695, 7655, 2623, 6722, 116, 1555
9138, 6493, 3239, 9641, 8073, 1088, 8363, 9442, 2045, 964
2994, 8503, 6572, 1041, 9669, 2261, 938, 3234, 6508, 3036
3799, 4811, 2962, 9815, 4539, 8618, 5936, 353, 8736, 1747
5020, 5749, 9029, 8396, 3047, 8236, 1052, 4904, 775, 8182
2461, 9515, 7531, 5444, 4129, 521, 1181, 5573, 7950, 2484
4793, 8971, 2683, 1186, 8419, 604, 4222, 4745, 5788, 2917
7695, 671, 178, 4139, 5281, 8495, 6305, 4424, 1834, 4202
5448, 3294, 7758, 5905, 7057, 406, 4762, 4217, 1100, 3048
4172, 8473, 3141, 5063, 2137, 3387, 752, 9336, 1587, 5785
2940, 2962, 6058, 3737, 9198, 1574, 2844, 5359, 8875, 2461
5885, 9696, 2366, 5845, 8204, 6315, 3394, 3689, 362, 8020
183, 7012, 7596, 1538, 906, 2279, 851, 180, 6897, 8075
515, 7424, 4353, 5141, 519, 7536, 5108, 5638, 914, 1208
3230, 8273, 8300, 4381, 7420, 6362, 1926, 7178, 569, 8639
5760, 1707, 1700, 2636, 1724, 571, 1765, 420, 4347, 8194
6023, 6107, 5560, 9906, 509, 1772, 49, 9189, 9044, 5885
3322, 8460, 7655, 8345, 2839, 1, 1336, 2000, 2350, 463
1642, 7368, 7220, 5065, 9069, 85, 6631, 3027, 2806, 388
3392, 2717, 476, 5273, 7310, 2123, 8109, 8704, 2048, 6982
4502, 5083, 7778, 3660, 7875, 6370, 3030, 8536, 3159, 1707
7962, 1722, 8768, 3210, 8580, 9061, 3081, 870, 9878, 4188
2531, 3581, 2822, 8546, 9947, 3884, 9471, 9720, 2966, 4800
3182, 4663, 1674, 9353, 8855, 94, 6290, 3501, 1726, 9416
7811, 8419, 4870, 4894, 4698, 9910, 2432, 3273, 3136, 423
3101, 1247, 7958, 4572, 852, 8808, 823, 3238, 7972, 7172
2058, 1947, 2089, 1102, 8772, 5132, 7228, 4225, 3785, 2607
7154, 207, 1279, 121, 6751, 331, 4121, 8003, 7806, 3574
1463, 5732, 2222, 401, 6643, 8398, 9512, 9051, 519, 5262
5931, 4751, 2869, 5957, 5730, 3215, 4503, 8129, 2283, 3870
7750, 2786, 5700, 8330, 8057, 7394, 904, 1679, 2527, 3984
2426, 3682, 6548, 1436, 5601, 3284, 5704, 9198, 472, 8581
5600, 9246, 1105, 1902, 9626, 2380, 1465, 7803, 8999, 8268
1081, 5362, 1928, 5100, 6604, 8773, 6907, 3625, 1193, 2102
1309, 9261, 3030, 2277, 598, 7330, 964, 8756, 5015, 3520
789, 3906, 1609, 54, 2111, 8819, 2956, 6628, 4251, 6211
3171, 9720, 6282, 6156, 7809, 5523, 406, 707, 2458, 7026
5453, 6234, 4220, 368, 1396, 1304, 8775, 7312, 7974, 6468
8227, 116, 7176, 8910, 1036, 7529, 2584, 5622, 8595, 7967
8889, 6863, 3911, 4697, 367, 3545, 8225, 5532, 9039, 1668
1103, 5904, 5907, 1350, 3956, 8794, 1712, 1175, 2508, 6333
158, 6871, 5348, 4273, 5019, 5461, 2309, 5634, 1320, 3967
4903, 4526, 8266, 2468, 4576, 2097, 1253, 3784, 8988, 5660
3732, 4051, 8339, 8705, 743, 939, 4880, 8468, 4947, 2625
9678, 2404, 3259, 9544, 4751, 200, 5289, 2543, 4707, 9163
9900, 4423, 2744, 5028, 9186, 1947, 4007, 1390, 825, 6250
2085, 9958, 4680, 2554, 4042, 3491, 8864, 9529, 4341, 8911
7786, 7217, 279, 9416, 8389, 9432, 9251, 7309, 3360, 4986
1331, 7661, 5200, 2673, 3345, 6756, 2487, 7210, 1071, 2445
4924, 8673, 8236, 4859, 7251, 5235, 3619, 5568, 2346, 5424
6444, 4254, 4118, 8050, 748, 2936, 8453, 7629, 234, 3786
1063, 8837, 2663, 8171, 5264, 5308, 1246, 8669, 7679, 2718
4188, 1417, 6690, 3154, 2739, 3119, 769, 9545, 8801, 2062
9144, 1416, 2862, 8634, 4292, 2000, 1551, 2550, 430, 9909
6737, 8068, 2895, 3082, 782, 8359, 8186, 4330, 7957, 2192
8031, 6876, 120, 4782, 7921, 9607, 5589, 9016, 4918, 8194
4030, 3772, 4382, 7595, 9535, 708, 1901, 912, 9556, 8115
423, 9955, 8291, 9883, 3711, 5550, 5766, 4606, 8784, 8683
7066, 1930, 4863, 8469, 5288, 2763, 9044, 301, 9583, 4423
1189, 2219, 5798, 7379, 6020, 1565, 67, 9442, 9685, 4079
8078, 7092, 8455, 9914, 3011, 4983, 225, 9085, 7759, 4156
2725, 5838, 6740, 6926, 6688, 3660, 212, 6800, 4112, 1454
5659, 1769, 1959, 5159, 3364, 1880, 4377, 5108, 4678, 6103
1860, 1304, 8659, 937, 8047, 3771, 9162, 6252, 4004, 8595
1711, 6290, 2451, 745, 93, 4958, 7520, 6685, 3729, 4645
6882, 8163, 8666, 6215, 5635, 9092, 6850, 6021, 8039, 8718
7200, 9188, 3563, 2414, 1709, 3286, 6861, 2287, 3179, 7279
4494, 3250, 7002, 1680, 6156, 1352, 9154, 8649, 2157, 7041
4594, 1777, 1038, 7717, 9479, 9793, 6024, 6051, 5734, 5213
9689, 9822, 8785, 1666, 1164, 8786, 9353, 2116, 1770, 4743
8, 4986, 2968, 9995, 3476, 1646, 6992, 7744, 8187, 6486
678, 3046, 5317, 2920, 7062, 7113, 9683, 8621, 5739, 6264
5772, 6572, 3369, 5861, 7685, 5828, 3803, 8949, 8155, 9810
7232, 9077, 5587, 1259, 6737, 5543, 6253, 6719, 9947, 5850
6021, 3951, 9899, 8828, 1231, 7409, 3987, 5551, 851, 7225
6761, 6428, 9488, 6009, 7080, 2643, 1155, 8416, 4713, 6340
3407, 6861, 5740, 1206, 5549, 6335, 6256, 5867, 9783, 2460
1674, 4521, 5853, 6991, 7900, 9502, 8029, 2996, 794, 9034
338, 5608, 8739, 8213, 1086, 7390, 3275, 1661, 7227, 2901
8465, 3908, 1480, 8064, 3811, 5477, 1060, 4373, 778, 2894
5051, 9512, 4878, 3584, 6786, 4038, 9593, 7615, 673, 5077
1173, 7631, 7520, 9001, 6157, 1441, 2629, 9899, 293, 775
4557, 9787, 6221, 9746, 7734, 709, 6143, 8854, 996, 8941
4410, 4039, 3163, 7524, 1270, 9377, 913, 4185, 5827, 2679
3730, 5207, 6831, 1735, 2050, 7787, 9257, 1313, 7890, 6846
6099, 6948, 2865, 298, 9938, 8185, 5101, 8488, 3022, 143
5160, 6239, 8765, 4422, 2942, 989, 1550, 435, 5252, 2814
6564, 1171, 8081, 8640, 2834, 5116, 2213, 4610, 1586, 5285
5357, 4220, 8483, 1554, 7702, 6041, 7253, 7220, 1210, 8203
710, 773, 1082, 9154, 473, 4372, 4300, 3991, 6044, 4050
5197, 619, 5743, 4472, 1954, 5044, 7574, 5319, 1985, 4724
7736, 9288, 1147, 3664, 255, 3979, 224, 8722, 8600, 1596
8682, 3983, 5106, 4624, 1650, 6561, 130, 5169, 7288, 3061
565, 9907, 7162, 3680, 7449, 948, 8894, 8722, 3968, 8695
5379, 4020, 6161, 9073, 5630, 3767, 9558, 6859, 4388, 7231
5036, 99, 1266, 4350, 8864, 6072, 1763, 975, 1949, 3848
1244, 8749, 3439, 156, 5942, 9943, 7192, 5507, 9433, 4748
7045, 5726, 9724, 9669, 9294, 3816, 1391, 1776, 3574, 7628
7592, 4728, 9236, 2529, 4570, 8033, 6098, 1725, 1230, 6682
6990, 6496, 746, 8971, 3545, 6648, 3687, 5035, 4654, 9375
642, 7222, 9769, 2049, 6176, 2398, 7018, 1671, 4742, 3274
1180, 5787, 4127, 7466, 7105, 4759, 7203, 1592, 6938, 2732
5202, 8174, 1666, 8370, 4217, 8819, 8920, 5220, 8526, 2209
693, 9801, 972, 5904, 1462, 8474, 6005, 8510, 5459, 1362
8129, 1195, 6677, 5321, 3148, 2199, 6844, 820, 7419, 6981
2575, 6821, 4003, 7668, 9724, 9671, 2283, 8308, 3148, 2055
9437, 9878, 5004, 7172, 3907, 9236, 5161, 7476, 1896, 9792
7447, 9042, 5703, 1940, 4156, 1677, 8655, 2971, 1423, 8822
3598, 5470, 3736, 6682, 4460, 9771, 9483, 2060, 7312, 2642
2565, 9462, 6663, 4112, 8101, 4826, 2939, 8818, 4717, 7792
5299, 580, 5383, 5158, 3691, 4317, 2288, 7083, 2242, 3665
3175, 9867, 2439, 6750, 7824, 5255, 9196, 8763, 6079, 7933
648, 4227, 3250, 5396, 5012, 4339, 1836, 2757, 4214, 8043
1020, 6561, 5155, 9276, 7360, 526, 7308, 7151, 8152, 2105
656, 8994, 7511, 8050, 2790, 4751, 2501, 7538, 2311, 9586
864, 4959, 1889, 9801, 1575, 20, 6652, 8798, 3719, 8453
7534, 6069, 3975, 6637, 2470, 8202, 8818, 8505, 1202, 4738
6444, 8744, 8205, 941, 529, 9566, 1071, 2768, 7111, 1898
5275, 8729, 5696, 5602, 4081, 6442, 4772, 25, 8657, 3646
9218, 4150, 1113, 1205, 7663, 1030, 7643, 1094, 2067, 7978
3855, 2833, 3496, 721, 2779, 9001, 6593, 8400, 4520, 183
8598, 5479, 7081, 9364, 5696, 4294, 7078, 1172, 3088, 121
5772, 647, 4379, 4535, 204, 6210, 681, 7482, 8151, 418
8275, 7412, 8486, 4632, 3429, 4645, 8038, 1133, 9803, 5774
7320, 2556, 4801, 3605, 8006, 1251, 8300, 4056, 4578, 7760
528, 1921, 4890, 3100, 4712, 3687, 5938, 9468, 4863, 245
2057, 1009, 799, 5868, 8885, 4490, 7969, 1638, 8276, 4854
9831, 1830, 1000, 9658, 7489, 9191, 6139, 7906, 7787, 4156
7662, 1058, 5504, 6983, 1914, 6970, 673, 4237, 9422, 2429
6086, 2355, 9187, 6922, 693, 6476, 9781, 35, 3862, 8780
2663, 1548, 2573, 3926, 8770, 2912, 5748, 8422, 6127, 5957
1671, 2502, 9843, 5947, 8200, 8567, 3373, 8554, 7002, 5945
8479, 9524, 7311, 2282, 3723, 1203, 9316, 5571, 1005, 8280
1347, 2300, 5678, 6129, 8187, 2549, 1932, 1894, 9581, 286
4797, 2346, 7467, 5985, 7906, 4410, 9865, 9171, 4732, 3047
8490, 1772, 7546, 1482, 2982, 4610, 2614, 2805, 1402, 8994
6587, 1018, 2339, 9100, 1969, 7330, 9464, 7043, 8827, 5626
4122, 246, 5628, 191, 4414, 1572, 2032, 7862, 9608, 1268
7540, 3205, 6397, 4934, 331, 2183, 2315, 3753, 6299, 4373
1428, 8322, 3096, 9534, 1150, 1788, 6672, 1191, 1040, 3329
2584, 378, 4319, 6112, 7305, 6090, 6962, 7441, 4986, 3414
7271, 4963, 9774, 8446, 4789, 4527, 7031, 6775, 4037, 9571
3674, 5912, 7780, 934, 7114, 6790, 9239, 7089, 4861, 2391
1333, 463, 7574, 7472, 1304, 7740, 3249, 9138, 8188, 7270
4566, 4389, 3288, 1376, 865, 2672, 5677, 845, 2747, 1379
5341, 3574, 7417, 107, 5628, 6750, 9905, 3776, 1600, 3817
3102, 5457, 5495, 1392, 3094, 5240, 6221, 32, 5507, 7146
9793, 4016, 5330, 3111, 9455, 5702, 7121, 1283, 2974, 9538
8243, 6831, 9497, 4795, 5848, 2503, 1208, 12, 8192, 7863
4341, 1763, 3906, 3596, 7815, 1229, 1516, 985, 137, 8484
923, 8961, 12, 7004, 3430, 2454, 1713, 9488, 9684, 1949
4753, 7670, 1530, 5422, 1157, 7002, 2119, 7107, 8693, 8431
8156, 6659, 2377, 5218, 8915, 1878, 8660, 2048, 41, 875
9997, 5736, 3009, 7826, 2125, 9437, 4445, 7885, 9672, 7175
9402, 3333, 9554, 8563, 3867, 2620, 1518, 5566, 2177, 3404
9917, 9562, 4676, 8943, 9083, 83, 597, 8661, 3640, 688
3216, 1745, 5910, 4673, 170, 7628, 4374, 4403, 7846, 225
5591, 1658, 2672, 4446, 266, 2602, 8390, 9983, 9282, 2308
9543, 764, 8705, 1792, 8606, 6413, 6247, 6796, 4023, 3098
1572, 2422, 7648, 5924, 9293, 8675, 5858, 3384, 6579, 7897
99, 3316, 3648, 1733, 4092, 615, 49, 669, 4997, 3207
6527, 244, 5710, 3863, 6995, 3873, 5567, 6971, 6996, 4050
3875, 7714, 110, 5309, 603, 9298, 8450, 4266, 7790, 1810
3932, 9934, 8191, 562, 2925, 6734, 6020, 2937, 8441, 2633
4608, 8737, 3294, 8110, 4602, 8286, 7836, 5966, 71, 2255
357, 2423, 3110, 7996, 5145, 4872, 2417, 6767, 6510, 5941
5375, 7909, 8776, 7053, 9533, 4243, 2148, 8497, 1903, 9567
6770, 3715, 316, 1891, 6422, 1579, 2425, 6347, 2742, 8431
8960, 5812, 5091, 5375, 6794, 7888, 1388, 8024, 4631, 5628
4467, 8451, 7384, 1010, 1939, 1901, 3660, 9423, 9652, 872
447, 853, 5844, 4080, 9442, 5842, 939, 2665, 9149, 1722
979, 3204, 5355, 340, 5361, 3263, 2925, 3564, 8294, 9378
7551, 6096, 7179, 3657, 7230, 8172, 7680, 3990, 6308, 936
9636, 3244, 7506, 6158, 6391, 4245, 3143, 6256, 2306, 8602
8630, 5607, 6407, 6928, 3803, 2076, 427, 7352, 1949, 5728
4318, 8896, 2212, 193, 5680, 5502, 6594, 5402, 6593, 8716
6858, 2986, 7019, 1108, 7576, 3241, 827, 3125, 4377, 5317
8541, 6445, 8637, 7567, 3393, 4782, 3018, 5458, 5363, 6923
1710, 632, 2723, 6663, 3336, 8471, 6768, 1645, 1381, 6453
3143, 6645, 631, 6406, 8537, 8105, 5301, 7534, 6115, 536
1983, 2322, 8813, 34, 632, 6234, 6369, 5057, 9853, 6749
9693, 4536, 8013, 520, 3484, 3522, 9426, 1545, 8248, 4397
9543, 4521, 2584, 8889, 4706, 477, 7588, 541, 7703, 2075
135, 7750, 8179, 1886, 2292, 1589, 5775, 9874, 1031, 1129
6762, 5558, 9049, 4950, 3429, 6501, 3901, 3059, 1566, 539
5106, 9276, 5681, 1995, 9903, 5065, 5056, 4121, 9553, 6127
2117, 9533, 8378, 1296, 109, 8651, 3070, 3135, 6872, 790
5397, 8976, 4710, 3064, 9085, 6941, 737, 1763, 3651, 1857
3037, 6631, 2223, 9169, 141, 2450, 4383, 6436, 7303, 4990
1923, 4937, 9954, 4396, 4160, 267, 957, 199, 8293, 7882
3217, 2994, 9400, 606, 5566, 5726, 3228, 795, 5822, 3172
6762, 1122, 8302, 8550, 4373, 3852, 6069, 7456, 6500, 7883
4968, 8924, 6726, 1029, 1371, 4723, 5532, 473, 8394, 1339
5300, 7726, 5837, 953, 3111, 9478, 1818, 4677, 6189, 9257
1338, 2971, 7171, 2782, 8169, 1196, 2023, 8501, 4957, 6765
1799, 9420, 1354, 2192, 8710, 5712, 1556, 9703, 1945, 4550
6092, 873, 3201, 2063, 6280, 7444, 5703, 3347, 3397, 6278
1746, 8358, 5920, 9459, 5393, 5869, 7223, 6310, 1948, 4105
2152, 5746, 787, 3978, 9773, 2857, 7006, 4845, 768, 339
3031, 2711, 8215, 9451, 1378, 968, 4365, 7275, 5084, 8531
5352, 9966, 9622, 2054, 9130, 8531, 8767, 4439, 9027, 6734
7702, 4235, 9439, 2978, 6504, 5214, 7180, 373, 5202, 6773
5512, 8000, 836, 8572, 2958, 1118, 7166, 9415, 2750, 444
2013, 9000, 5196, 8462, 477, 2584, 23, 1464, 6769, 6057
9018, 9949, 2095, 3896, 79, 5348, 7685, 593, 2723, 4948
8819, 6942, 2633, 5355, 4922, 9554, 9482, 1037, 1367, 6422
8491, 9485, 6264, 4425, 6530, 209, 5379, 3226, 1634, 1774
1336, 830, 7655, 9779, 8719, 4127, 8003, 3922, 5267, 1409
7452, 5732, 7794, 3401, 8686, 2399, 6104, 9461, 9420, 3380
8185, 8111, 4945, 9179, 2649, 5051, 8095, 4784, 4133, 2567
4765, 5526, 9461, 6691, 3321, 7917, 5756, 8259, 14, 3960
8173, 1435, 5993, 3698, 6372, 248, 6019, 396, 2075, 462
5312, 7318, 6106, 4125, 7049, 8991, 8199, 7363, 3073, 5905
425, 4710, 2545, 4680, 5664, 8177, 1170, 198, 7036, 4409
3511, 9252, 6217, 3653, 732, 1192, 5559, 3528, 8117, 548
2979, 6436, 9168, 6567, 7468, 9288, 6757, 9022, 9780, 2849
4202, 9845, 7693, 6303, 4979, 9253, 8950, 4961, 9581, 5168
1054, 4647, 8871, 3518, 7724, 993, 2071, 5736, 829, 3355
6636, 3250, 8133, 8348, 5476, 4132, 4957, 4961, 4632, 9532
816, 177, 2733, 3978, 7232, 7657, 6423, 722, 3378, 2870
4470, 4532, 4945, 2726, 5165, 224, 3754, 1359, 2576, 61
8072, 867, 232, 2592, 3015, 5948, 3019, 1947, 6195, 5675
6656, 8822, 330, 7878, 2084, 3990, 2461, 1209, 4288, 2770
9531, 7203, 8181, 5317, 6839, 7663, 9614, 3589, 7340, 7586
2680, 1165, 9819, 7463, 645, 4957, 6124, 1365, 1886, 8914
7285, 2557, 5230, 3151, 1749, 4854, 8005, 1404, 4213, 9684
1014, 8925, 8616, 1800, 505, 5030, 7183, 4952, 8972, 5116
7148, 4750, 9159, 4086, 9475, 1999, 9087, 6625, 3941, 2458
1412, 4537, 269, 941, 739, 3640, 7214, 6806, 284, 832
5977, 2096, 5552, 5190, 6399, 3495, 5263, 6466, 5186, 9117
7858, 912, 9926, 190, 2637, 4846, 7490, 1517, 9313, 4636
6504, 1370, 5994, 9936, 8165, 525, 7892, 5700, 4049, 1264
4504, 1495, 8174, 8500, 4451, 1671, 9144, 6445, 1558, 4733
9155, 8953, 6208, 8581, 1207, 9017, 3994, 3925, 8420, 3443
9971, 4316, 4281, 6408, 8013, 2217, 2058, 770, 8473, 6798
6788, 1225, 5988, 4947, 8682, 9482, 283, 4666, 7228, 8400
1899, 3159, 5512, 3979, 6970, 6647, 2525, 992, 8696, 9120
6408, 5338, 4105, 5087, 3642, 9670, 872, 8382, 7291, 7825
9433, 7363, 7619, 363, 3028, 4699, 2868, 3376, 1739, 5291
3904, 3944, 4081, 2818, 2433, 6423, 8540, 8820, 1138, 3595
5350, 2608, 7054, 1461, 4484, 7024, 7930, 768, 8378, 6711
2616, 5832, 9034, 4677, 296, 3595, 7187, 7396, 1928, 3051
56, 8238, 8704, 6389, 278, 3805, 9584, 4369, 5403, 3511
4813, 3967, 8109, 6407, 3342, 3166, 2677, 5976, 625, 6949
8744, 1056, 1398, 6230, 6173, 8795, 4232, 3906, 3547, 6658
5703, 8150, 2665, 488, 8300, 9900, 6921, 2526, 6912, 33
5734, 3530, 1244, 4107, 848, 1196, 5297, 4751, 5307, 7404
5813, 3179, 8992, 5213, 5077, 9239, 8638, 5570, 2932, 2491
6775, 7174, 8612, 6049, 9191, 8203, 1964, 1389, 739, 7242
6486, 9534, 6574, 866, 323, 5244, 2952, 391, 4422, 214
6856, 6016, 6477, 4352, 2978, 3634, 3261, 2001, 2220, 927
8435, 3449, 6466, 355, 4793, 3284, 1152, 1459, 6102, 9658
3261, 4180, 8034, 3738, 7989, 8937, 3465, 6412, 6999, 9885
2531, 1692, 1593, 6900, 9083, 6540, 8479, 7372, 3106, 4127
3909, 2201, 8369, 6169, 3334, 744, 5190, 8960, 2558, 1888
3808, 4506, 8266, 39, 9665, 5082, 6134, 5581, 4903, 6596
4380, 5646, 7870, 322, 6833, 1926, 3323, 4570, 1087, 4561
9068, 5627, 927, 176, 3219, 8917, 4471, 9666, 133, 1677
7881, 7693, 7030, 2981, 1725, 190, 3378, 8584, 8897, 5447
7862, 3709, 6747, 4269, 9554, 5306, 5818, 4854, 3357, 7598
5676, 5756, 9568, 6400, 5644, 5372, 7754, 2005, 4651, 4298
5741, 4986, 2135, 3444, 9540, 8406, 8308, 1391, 7836, 2368
4973, 1417, 9380, 3863, 6958, 4221, 2018, 976, 2934, 942
9301, 6045, 3744, 2083, 8062, 9021, 9538, 4781, 5931, 2792
9441, 1788, 2970, 3371, 8396, 3732, 6381, 8782, 499, 8464
7339, 8953, 7598, 3021, 2025, 804, 8990, 7637, 2345, 2441
5196, 9890, 2507, 5308, 2333, 4176, 2805, 8615, 4296, 3742
1513, 8900, 4800, 9805, 1989, 9594, 5664, 7728, 9544, 8851
3393, 9605, 3044, 1230, 1569, 2809, 1127, 1486, 3131, 3148
167, 4120, 809, 7372, 7203, 1702, 3504, 3238, 6517, 1309
7654, 2288, 8649, 5983, 413, 3396, 9910, 4196, 952, 5561
7425, 4957, 8590, 8372, 9052, 7929, 9155, 8191, 7292, 8469
3571, 8610, 2313, 3515, 2326, 5048, 1005, 9203, 3358, 5060
9536, 4525, 9619, 7528, 5930, 2544, 7613, 6879, 5343, 4128
8107, 2373, 6154, 6210, 7239, 982, 5544, 1552, 2852, 2797
4417, 7670, 6042, 6124, 9423, 6090, 8925, 9466, 1214, 1058
1133, 8814, 8135, 8538, 4117, 9992, 6735, 6601, 8944, 3656
4672, 575, 6450, 6869, 3103, 712, 3477, 4004, 8783, 7793
1877, 485, 8512, 588, 8146, 1159, 8700, 6053, 2253, 1673
1715, 5837, 7822, 238, 4245, 2751, 4142, 9711, 4179, 8066
1590, 9603, 9377, 7262, 2320, 2355, 3502, 2193, 3992, 4010
3514, 1950, 4757, 1419, 4436, 6635, 3347, 5654, 3152, 1423
1029, 6837, 6896, 9148, 8582, 4262, 5866, 4321, 1699, 6103
7652, 8415, 7357, 1446, 4369, 7036, 9098, 1163, 2911, 7998
1419, 726, 7775, 855, 1347, 4834, 5085, 2973, 9847, 702
6841, 5446, 8699, 805, 6165, 8311, 7755, 2645, 1814, 9806
8421, 2025, 5468, 731, 7337, 5925, 7306, 5069, 6218, 3216
791, 171, 2291, 5028, 4817, 4663, 6849, 2658, 6351, 4954
8935, 8147, 9428, 4723, 5447, 2833, 298, 4563, 9831, 6651
2774, 6784, 7948, 7410, 2676, 106, 9162, 9235, 7781, 9389
2113, 7478, 9665, 3334, 1471, 9632, 3810, 3272, 4511, 207
9734, 777, 6773, 1093, 1213, 7079, 307, 1021, 4940, 8107
7899, 9559, 3926, 2660, 575, 882, 7805, 8155, 4077, 4919
8290, 9218, 2405, 869, 1543, 7872, 7688, 6742, 8047, 404
1686, 619, 2499, 2682, 105, 6321, 312, 8710, 7011, 6738
443, 7795, 8552, 4340, 9756, 3655, 6792, 4344, 3461, 8155
7148, 677, 8761, 4582, 1530, 2137, 3063, 1630, 7747, 4710
8256, 7352, 2794, 7292, 9154, 2682, 1870, 6206, 3215, 3938
8483, 1177, 5203, 7208, 857, 9091, 3950, 5298, 8610, 6807
8666, 601, 5832, 9172, 525, 1009, 2035, 667, 7886, 2196
6502, 5342, 4254, 7238, 5926, 7962, 1561, 7115, 6147, 5526
9799, 8855, 1877, 6955, 658, 2305, 3037, 2389, 3964, 4202
3269, 2822, 3977, 7736, 1230, 5319, 4558, 9463, 5270, 8265
3366, 8264, 1586, 2247, 2146, 9302, 4581, 1499, 6807, 1142
72, 7145, 315, 9200, 2298, 7604, 5188, 1916, 702, 1015
5496, 4020, 4000, 281, 2501, 6646, 9668, 5888, 3981, 8894
9648, 6519, 2459, 5713, 7102, 3137, 2657, 3076, 7190, 465
126, 6658, 296, 2390, 4669, 2125, 9379, 9942, 926, 6854
4223, 9470, 1087, 5124, 2491, 8719, 5534, 638, 4362, 1401
9215, 8541, 944, 5974, 1518, 3888, 4781, 8310, 5249, 5876
7070, 6471, 9283, 5848, 7217, 1475, 1817, 8286, 4457, 8742
892, 6199, 2827, 8768, 5163, 640, 1971, 7860, 7261, 4228
4512, 8782, 353, 6180, 4465, 4577, 2072, 8243, 2694, 2231
4762, 4196, 1621, 5790, 4501, 4673, 1968, 6516, 1233, 2790
8797, 2831, 6912, 5045, 6971, 9498, 2484, 4798, 1623, 9858
354, 296, 7619, 7, 5251, 6356, 7154, 860, 2260, 8246
7680, 6654, 5013, 368, 9111, 3217, 1851, 1473, 2291, 4832
1439, 3101, 3263, 7205, 4507, 2443, 5277, 7928, 2516, 884
3139, 7007, 4841, 6678, 9941, 9245, 4754, 7918, 2174, 646
7074, 4198, 1918, 3045, 7730, 1434, 7413, 9872, 4782, 7590
7313, 1789, 8941, 9624, 3167, 8234, 3508, 2714, 8690, 2127
6629, 2973, 7030, 961, 3757, 7873, 4673, 3045, 7335, 5246
623, 9485, 868, 9319, 3862, 9904, 506, 7260, 2500, 7103
218, 7042, 7699, 9398, 2110, 3767, 7768, 8928, 7421, 8538
5413, 8177, 4713, 9256, 6000, 2937, 6736, 104, 240, 4979
3652, 7392, 5960, 7708, 7949, 150, 4388, 5300, 5926, 7673
5079, 7155, 282, 5035, 7216, 9137, 8808, 4502, 1430, 4273
374, 6599, 2006, 9233, 9393, 3986, 1587, 5999, 6561, 9072
1125, 5462, 1963, 7495, 8894, 3365, 1760, 4704, 3715, 2539
8304, 1520, 8420, 6258, 4110, 9193, 1465, 6875, 3491, 636
6371, 9446, 6216, 8051, 2855, 2641, 4143, 9546, 132, 5905
7299, 9527, 5313, 8639, 2717, 7031, 3677, 2014, 9436, 225
535, 5143, 8035, 1117, 8960, 7243, 9840, 3353, 5886, 4426
1597, 9416, 7431, 4478, 2474, 2313, 5026, 4549, 3964, 8025
80, 760, 9140, 2124, 9748, 6477, 9235, 3071, 9081, 1157
8269, 3457, 2210, 7132, 5862, 9739, 5536, 6715, 482, 2685
2216, 3843, 5658, 1113, 8625, 8630, 1418, 9307, 6196, 6015
9844, 9502, 6117, 210, 1981, 1909, 8363, 1078, 6504, 7631
597, 7276, 2974, 3739, 1731, 1682, 705, 6783, 9430, 3387
2576, 968, 7105, 1757, 1307, 4110, 3732, 2577, 5775, 5190
5262, 960, 8515, 8251, 6886, 6262, 5476, 8701, 6377, 4515
65, 4543, 9251, 4683, 1831, 6945, 2155, 316, 5211, 933
5704, 4451, 4441, 9936, 1590, 5815, 5898, 6175, 1211, 2267
1357, 6566, 6595, 1130, 2377, 7361, 2969, 4488, 7755, 936
8158, 3956, 9908, 1503, 2183, 9648, 6028, 8525, 4089, 5563
3261, 7571, 8693, 6071, 757, 8674, 2138, 2885, 5795, 4200
1759, 2913, 1535, 1911, 5336, 2572, 6379, 8690, 3138, 9582
6093, 3542, 805, 6565, 8714, 4400, 7983, 3526, 6048, 1772
9597, 2500, 8760, 968, 6610, 5259, 3594, 5207, 6706, 8644
483, 5792, 3466, 192, 546, 9001, 4099, 2723, 2615, 5397
1554, 335, 6459, 4238, 2625, 9766, 8138, 6410, 6800, 3238
9977, 7083, 4448, 5825, 4591, 1700, 3698, 1425, 4192, 7035
1336, 9650, 5584, 4828, 1087, 6475, 4150, 3685, 1767, 1797
9662, 1703, 5703, 2730, 2546, 3144, 5512, 2234, 1568, 9459
2443, 2374, 1883, 5024, 4606, 3340, 38, 9268, 9372, 6359
5363, 3376, 5491, 6278, 154, 3835, 6297, 1326, 2492, 414
9414, 4964, 516, 8335, 8937, 1129, 8927, 6301, 3419, 947
4391, 464, 2729, 7159, 2034, 2313, 7884, 763, 1791, 2531
5158, 843, 1096, 5771, 727, 1608, 3366, 497, 6499, 4612
9013, 1350, 6778, 4168, 5731, 5464, 4412, 7038, 945, 3775
6957, 1336, 5271, 5125, 5128, 8002, 8759, 8202, 937, 6356
8947, 3900, 8569, 3075, 5833, 7023, 6956, 305, 2613, 6085
4964, 9345, 3423, 9292, 5381, 378, 2804, 5825, 3349, 9016
8982, 7389, 253, 5845, 1409, 2112, 3362, 7987, 9177, 3124
4238, 4846, 4129, 1668, 6739, 5649, 284, 2892, 7151, 8126
4200, 4009, 9185, 1640, 3423, 9890, 4997, 8722, 5331, 4301
8261, 3198, 8624, 2855, 4026, 3429, 6341, 7156, 8666, 4714
2291, 6061, 7338, 4453, 5717, 6653, 5742, 2514, 687, 5448
3832, 6646, 1655, 1000, 2465, 7641, 5713, 1474, 7725, 1484
5768, 6850, 1455, 8476, 599, 7286, 2238, 5613, 146, 6786
7719, 1954, 3924, 200, 9431, 9085, 6461, 1198, 6224, 6770
2539, 2840, 1699, 6006, 558, 2706, 4843, 3492, 4515, 3169
1161, 6112, 9377, 5829, 1154, 3430, 5122, 3491, 1533, 8805
1844, 9485, 1369, 6938, 8069, 1438, 7494, 8797, 4115, 7543
3837, 5963, 2017, 2792, 9772, 7832, 9931, 5476, 8031, 6364
8535, 7271, 3265, 8596, 7718, 6541, 6985, 9325, 2938, 1302
775, 2412, 7335, 9665, 5243, 4724, 1220, 8653, 7891, 5206
5131, 175, 3454, 3206, 8454, 7760, 926, 5576, 4311, 9808
3596, 9809, 2263, 1118, 761, 494, 500, 4435, 3781, 3320
3577, 7369, 7536, 2421, 8629, 572, 9378, 3962, 8, 5144
3429, 2907, 6169, 6791, 4660, 4807, 8002, 571, 1384, 4498
9806, 228, 6686, 1023, 8163, 5927, 4681, 5640, 4611, 1335
6851, 6655, 2834, 6476, 817, 744, 6331, 8411, 2417, 7055
8519, 3503, 5525, 2082, 6406, 44, 3364, 729, 7157, 222
9092, 2094, 9193, 4525, 1790, 3910, 9174, 3166, 9021, 8767
6893, 1873, 1746, 8286, 6566, 3978, 1947, 6197, 4057, 5521
7831, 1673, 4792, 2794, 336, 428, 9185, 8880, 1741, 8760
2250, 7448, 2343, 1244, 222, 5894, 7744, 4390, 9514, 6166
1020, 3276, 2872, 8883, 4729, 1439, 2420, 2904, 9231, 6915
928, 7397, 6003, 7350, 4177, 5090, 2712, 5833, 1970, 8182
5456, 2094, 5872, 2084, 5394, 8446, 2856, 4659, 5374, 3982
883, 442, 6337, 804, 3532, 877, 8060, 9041, 4551, 4050
1374, 5938, 6934, 7335, 7162, 1071, 3848, 6874, 5756, 312
9808, 5530, 4679, 6042, 3173, 1993, 5535, 5230, 3945, 4405
2947, 8131, 5910, 3702, 9061, 7539, 6275, 2393, 9006, 3249
1468, 4734, 7983, 8875, 200, 2740, 8298, 7324, 2778, 2663
2210, 4263, 8948, 169, 2251, 6095, 2235, 9999, 4387, 3679
8157, 5155, 6718, 8962, 7043, 2951, 9181, 6386, 9897, 9861
8696, 3421, 3848, 4348, 5781, 7079, 1235, 1735, 2879, 7545
9186, 3951, 6836, 2980, 2644, 6051, 751, 2059, 5301, 1546
813, 2016, 6484, 5009, 9143, 667, 1261, 4486, 5380, 1525
2621, 894, 7324, 5754, 3617, 6722, 6865, 8728, 5604, 5071
8708, 5129, 3767, 5245, 5556, 4460, 9877, 4623, 4662, 6653
7049, 1364, 8184, 9297, 6711, 6933, 4058, 8070, 3491, 9944
9770, 5439, 7774, 3118, 7911, 2179, 493, 9255, 9111, 1299
6250, 5774, 1082, 9023, 3346, 5784, 9741, 2453, 2707, 2533
2328, 8268, 7667, 4783, 7270, 928, 7093, 3274, 6920, 1952
8427, 8793, 8682, 9245, 8888, 8862, 3197, 3759, 5220, 1999
6883, 2386, 5742, 2429, 7170, 7983, 7236, 6341, 2522, 4485
3208, 6213, 3547, 1325, 6014, 6625, 9448, 5544, 8358, 8265
9735, 5440, 3369, 6600, 1426, 9197, 7030, 6445, 3979, 3095
7222, 7163, 4885, 1751, 853, 2474, 5222, 1725, 61, 6694
9706, 2719, 5446, 6857, 5128, 4864, 1150, 8626, 9074, 7520
7031, 4469, 1827, 1880, 3278, 1261, 4217, 7210, 5293, 874
9268, 6636, 4046, 5881, 1493, 7215, 4540, 9834, 6155, 4115
984, 6779, 4908, 3295, 7811, 483, 9020, 7701, 3969, 6177
1259, 2512, 3237, 9046, 8518, 4140, 5521, 3432, 1610, 4727
2578, 8281, 2310, 3672, 5543, 1330, 376, 4028, 8904, 7358
5796, 8810, 2621, 9240, 3637, 6352, 8992, 3010, 2200, 9898
7797, 7171, 5296, 9993, 6573, 3196, 4, 1427, 2180, 2522
3159, 8160, 4479, 876, 2157, 9829, 4543, 5752, 6071, 2209
823, 8094, 1599, 4553, 5549, 546, 2513, 3686, 7088, 7515
9021, 8102, 5391, 1655, 9140, 6731, 8635, 8383, 8889, 3426
7604, 4098, 714, 4040, 8017, 1257, 8982, 4977, 454, 6796
1681, 5271, 5800, 7933, 8496, 2007, 2451, 8701, 2139, 8733
4345, 6033, 7314, 8903, 9798, 2178, 4176, 1490, 7710, 4531
650, 6784, 6217, 4002, 4784, 2800, 1979, 3667, 6321, 762
7017, 9103, 880, 1439, 3684, 2125, 9048, 7891, 9826, 6628
4747, 8426, 1060, 4538, 5641, 4508, 7586, 2939, 8146, 2335
2632, 5652, 9263, 1301, 8315, 1776, 6737, 4413, 7977, 14
8661, 45, 1693, 8182, 947, 376, 7481, 6243, 511, 2726
1650, 3998, 3572, 2189, 7393, 6249, 9011, 6091, 9901, 1479
3117, 9691, 1174, 993, 2489, 890, 567, 1052, 6693, 147
5642, 3300, 5969, 5716, 8046, 949, 1512, 1062, 9061, 3512
6360, 5973, 8082, 2741, 6576, 3294, 3343, 3609, 5182, 9083
5069, 7887, 1779, 7721, 3240, 4084, 8282, 8565, 4645, 368
7168, 2459, 5541, 3853, 7969, 3041, 638, 618, 9052, 6804
8623, 6738, 6102, 1441, 5696, 3712, 855, 8941, 4364, 3823
4145, 4233, 3170, 6889, 4040, 2719, 9637, 9454, 7481, 8780
6193, 7997, 2762, 4782, 8044, 7270, 8122, 4250, 9543, 5842
1424, 5442, 9444, 5385, 3862, 9919, 9596, 9562, 3594, 1539
8630, 1995, 9821, 1527, 9974, 5307, 2696, 6031, 15, 4391
6719, 9124, 6856, 7751, 7656, 8296, 218, 3692, 793, 3240
1495, 7019, 6309, 7676, 3353, 2206, 2310, 1250, 914, 6445
8634, 7112, 2641, 8495, 4481, 2612, 3435, 7957, 7121, 2666
9966, 7104, 4423, 5653, 2185, 2774, 9460, 7532, 9489, 2809
9322, 155, 8105, 7100, 816, 6786, 8927, 7714, 3109, 7534
2566, 4385, 5130, 6210, 7512, 7399, 9748, 6743, 4183, 9865
9427, 8086, 1776, 1529, 80, 481, 7610, 7814, 3026, 7795
6802, 1302, 6922, 4082, 7218, 3160, 6025, 6857, 6799, 3913
3735, 4714, 1740, 6143, 7794, 861, 6154, 9888, 6829, 5190
9102, 3944, 5381, 5030, 8265, 6854, 4919, 5362, 9025, 7191
5353, 6127, 184, 5992, 6187, 510, 4961, 3327, 6429, 8564
2642, 7099, 4997, 6421, 5243, 452, 1180, 5795, 551, 3262
4424, 7084, 6374, 1706, 4395, 1833, 5709, 8153, 9875, 4221
3038, 8190, 5961, 6324, 4048, 5651, 7285, 296, 822, 1811
985, 4688, 5380, 3177, 6865, 7583, 2253, 1337, 7685, 6197
1752, 5877, 8201, 4731, 5021, 1957, 1839, 4581, 5808, 6549
6258, 2388, 2780, 8340, 1294, 4252, 9395, 8292, 3498, 4390
7942, 7141, 4578, 1518, 6570, 3557, 5749, 5344, 9299, 1655
6511, 4140, 5178, 2787, 9772, 6898, 5482, 3236, 9312, 7075
4645, 3153, 4423, 5802, 6445, 975, 8092, 1680, 5548, 5334
8329, 3212, 2416, 9025, 2231, 9125, 2342, 4851, 7960, 6362
7484, 6137, 7420, 1888, 8453, 6056, 9094, 4661, 6211, 6561
4964, 1265, 2273, 7077, 8794, 8255, 9257, 4720, 5339, 5203
7453, 587, 2384, 8519, 3320, 86, 7541, 1690, 45, 7635
9415, 7254, 1785, 7622, 9847, 9581, 8139, 9565, 9415, 2546
319, 8957, 4915, 8231, 5496, 376, 4147, 2236, 9006, 3176
851, 7151, 2573, 4279, 4603, 1372, 8457, 7305, 9703, 3645
2028, 4629, 9929, 4316, 4893, 3194, 8480, 7730, 8312, 2657
7888, 8736, 3510, 9437, 2254, 1, 7364, 7765, 2946, 9994
9298, 2162, 5032, 8278, 1720, 7300, 1357, 3911, 6607, 5211
1135, 4756, 9197, 5450, 883, 5940, 7278, 5150, 4942, 5977
3903, 6520, 3283, 7285, 8857, 1154, 7417, 5957, 6857, 4810
9854, 3936, 3143, 6673, 3942, 453, 939, 6311, 1916, 1049
4908, 3359, 4946, 987, 7624, 5861, 5406, 2688, 7402, 5016
1932, 1741, 9143, 9211, 9173, 3818, 8257, 9599, 1106, 2807
5475, 5634, 6469, 9445, 2083, 8769, 4507, 7938, 9742, 7554
6312, 9098, 2168, 4903, 4008, 7065, 1749, 921, 7537, 1007
1269, 2964, 2359, 3794, 4076, 9635, 7285, 9459, 8370, 4130
4301, 6944, 6311, 8694, 8517, 2068, 520, 2940, 9581, 8388
1918, 537, 3875, 814, 4193, 3283, 8880, 8210, 6606, 4381
8882, 7989, 1625, 5578, 6326, 1213, 9326, 9999, 3244, 5969
1394, 9298, 7050, 1825, 87, 6746, 9358, 1318, 4197, 1243
3198, 1823, 4024, 688, 9943, 5654, 1776, 2306, 2907, 7975
7274, 4636, 4217, 6978, 7292, 3578, 5775, 7111, 6922, 1370
246, 619, 1650, 6087, 547, 79, 1229, 9678, 3676, 1206
2355, 8177, 4364, 8175, 2885, 3555, 4757, 9158, 7257, 8409
2378, 5020, 9312, 6228, 8555, 1401, 4315, 9099, 1506, 2982
1905, 4558, 59, 1030, 7537, 8276, 5792, 9709, 8125, 3309
6347, 2850, 6207, 1201, 2690, 255, 9930, 9689, 1693, 4496
2327, 2863, 9388, 6742, 8231, 4386, 8892, 302, 3539, 8340
7636, 7194, 2312, 2550, 2247, 2664, 5702, 2107, 262, 8264
5949, 3398, 8840, 478, 2814, 1188, 4293, 6760, 6793, 4045
9849, 5022, 1186, 3808, 5362, 7417, 4550, 2463, 9156, 8660
1888, 316, 7294, 6996, 1243, 1411, 4594, 409, 2563, 922
5863, 2469, 930, 561, 7733, 6589, 3564, 7160, 7617, 5872
2167, 2181, 7493, 1502, 5272, 9957, 1832, 8370, 6991, 7390
3962, 7134, 3971, 1076, 7058, 5537, 3715, 4586, 1034, 1095
3395, 8636, 6557, 8287, 6601, 6778, 4785, 2565, 6435, 7351
9755, 3070, 6352, 8093, 875, 9406, 6090, 6883, 5486, 5695
2803, 7551, 1015, 1642, 8373, 4819, 3135, 5106, 3953, 5002
6970, 643, 7761, 661, 3655, 3871, 3047, 8870, 7758, 3327
9426, 411, 7431, 3387, 8229, 6890, 3267, 7983, 7316, 6277
5777, 3901, 5500, 7421, 2431, 982, 510, 9669, 5848, 3680
528, 4776, 222, 5253, 7064, 3833, 1298, 4371, 2024, 4623
8925, 2283, 3800, 3853, 341, 5819, 8377, 8427, 452, 9065
5035, 7021, 6607, 5831, 2205, 4469, 4958, 8669, 6648, 1531
3449, 4162, 1708, 4094, 7782, 8738, 3633, 6939, 5992, 8302
6999, 3983, 80, 5908, 6671, 4586, 3784, 5246, 5947, 6414
1469, 3449, 6633, 2458, 4986, 6448, 3649, 2658, 7325, 1631
6967, 8742, 4781, 4610, 2083, 4748, 4700, 9164, 3541, 7570
8099, 466, 4803, 3061, 2752, 7552, 8390, 8000, 5761, 2419
3564, 8253, 5374, 3177, 7777, 3738, 5927, 3082, 62, 7927
1718, 7199, 4434, 1246, 8876, 3409, 703, 8469, 8218, 1319
261, 5710, 801, 4460, 1395, 8178, 4912, 9118, 1035, 5667
7018, 1214, 2913, 2094, 9577, 7115, 6069, 8945, 6765, 6571
5254, 9830, 1521, 57, 7074, 8168, 5408, 4869, 174, 9321
7456, 1281, 9305, 6558, 1101, 5615, 2299, 3748, 806, 5948
3929, 1423, 2716, 2288, 463, 1088, 2906, 1091, 4139, 1768
507, 3775, 1219, 4277, 7979, 2807, 8107, 3170, 614, 56
3301, 2540, 1622, 8323, 705, 9171, 8011, 5749, 8181, 3326
1169, 7470, 1768, 4628, 4894, 9114, 6909, 1822, 6210, 5859
4362, 7753, 4007, 6915, 3639, 2577, 470, 9957, 1262, 5507
161, 7001, 9198, 8400, 4486, 7679, 2737, 9399, 7613, 1701
8150, 9438, 9575, 4485, 5717, 9672, 3038, 2841, 9445, 5294
4494, 3424, 1827, 9797, 6151, 5459, 7017, 121, 4811, 9034
9956, 6567, 3352, 7201, 3979, 5104, 7531, 9478, 535, 4360
3867, 9977, 3348, 3069, 6406, 3257, 7806, 6973, 6234, 1290
4422, 4772, 5568, 8112, 5200, 3950, 6505, 4090, 4825, 7542
4806, 9588, 6751, 3597, 2477, 8005, 7677, 9526, 5696, 6334
2980, 7969, 2102, 2569, 7001, 5471, 141, 713, 9573, 7188
2967, 7892, 3750, 6262, 1656, 7248, 8269, 5094, 6778, 8408
9525, 6402, 4998, 9254, 4528, 8033, 6911, 7176, 2177, 8655
6031, 350, 1485, 5996, 4340, 6851, 9373, 8243, 773, 1486
3365, 8311, 8984, 8427, 495, 72, 7187, 2485, 7523, 390
8508, 4519, 8335, 1141, 6673, 7710, 3281, 7271, 9401, 4868
6169, 1148, 5842, 6911, 8808, 8203, 5671, 1628, 3968, 149
4306, 7531, 597, 8186, 2365, 2419, 1612, 8983, 2100, 8417
4856, 6697, 5842, 8485, 5820, 5242, 2295, 8856, 8887, 6933
457, 4447, 9465, 6899, 8106, 8521, 2458, 4431, 7694, 7100
3463, 518, 819, 5828, 7087, 4261, 7615, 479, 1820, 1104
7154, 9244, 3368, 2034, 528, 1202, 9997, 473, 1678, 2813
9357, 7452, 7239, 8949, 5124, 8867, 2753, 9946, 6660, 6505
4234, 7119, 7649, 6276, 7232, 7497, 4936, 579, 6023, 6906
2458, 8273, 8135, 2258, 5675, 4101, 3012, 573, 2345, 5239
6923, 9557, 8251, 8013, 4800, 3445, 1783, 1638, 4051, 9935
6111, 649, 5020, 6129, 9292, 9243, 8077, 472, 7776, 1027
8340, 5576, 117, 8585, 177, 7820, 3115, 5906, 7078, 4132
1173, 208, 2323, 8637, 2413, 4795, 3588, 2794, 1118, 4807
3555, 2083, 9036, 1607, 5003, 3699, 2517, 8136, 4254, 7165
2168, 68, 6491, 9228, 2762, 623, 4591, 9726, 2690, 618
6187, 8782, 1388, 8858, 5024, 1288, 2469, 3591, 7994, 506
383, 3433, 6418, 7783, 3729, 9069, 5390, 288, 2520, 5595
1982, 202, 9636, 2363, 7365, 362, 2542, 5202, 8814, 9779
3012, 5561, 3183, 2613, 7008, 7615, 7589, 2872, 8177, 876
38, 2147, 8847, 3429, 8295, 4558, 8664, 7894, 1346, 413
3626, 6135, 3616, 635, 3978, 3048, 1007, 3938, 9242, 4678
7344, 1508, 3697, 925, 3995, 5184, 5171, 3794, 9710, 418
7005, 8685, 1339, 4545, 9532, 2882, 6669, 1171, 7, 4298
2328, 100, 8347, 7543, 6676, 1524, 2604, 6025, 9532, 8159
3793, 5287, 2922, 3494, 7166, 3959, 1010, 6928, 4148, 7124
4534, 1634, 7947, 355, 7211, 9880, 6155, 3460, 9930, 4425
9362, 3390, 7592, 7909, 7529, 6286, 3400, 8455, 2101, 5477
7613, 6195, 6498, 5062, 7549, 6482, 1335, 5202, 610, 7846
3076, 3263, 3422, 456, 8943, 2162, 8735, 8175, 7264, 8509
8320, 3346, 514, 866, 4254, 2583, 6162, 5280, 4901, 4047
343, 474, 431, 6062, 1886, 8538, 5534, 5659, 3371, 8480
6107, 1685, 8389, 9326, 3450, 7914, 4823, 1736, 3231, 701
2539, 6197, 4874, 7652, 2577, 7508, 9321, 7504, 1848, 5011
1326, 8503, 923, 8336, 9262, 3888, 35, 6367, 2054, 8482
8855, 5957, 6733, 4304, 2711, 2181, 1368, 9356, 5920, 7747
6621, 4476, 4834, 2955, 8183, 2817, 2923, 6168, 4157, 2221
1864, 9734, 5966, 4203, 1081, 9765, 2013, 1302, 6225, 9692
4783, 4220, 7913, 4623, 2253, 6465, 8287, 9724, 964, 3398
5890, 6183, 8836, 7590, 3438, 1502, 9392, 8610, 7717, 765
5830, 2053, 3307, 6508, 7990, 6604, 1982, 673, 162, 5152
8515, 6387, 5267, 8497, 1229, 906, 2195, 705, 5125, 81
7759, 6985, 4630, 5555, 5387, 6825, 9089, 8124, 9790, 7756
563, 3918, 3335, 7762, 4672, 1504, 4104, 6592, 7174, 5836
4918, 7590, 6886, 4608, 7024, 9437, 9473, 6061, 3458, 4537
160, 4450, 7809, 3378, 9676, 2837, 6476, 5729, 815, 9753
967, 2675, 5647, 3681, 6011, 5898, 3812, 2909, 7737, 4584
2934, 2978, 2329, 6164, 4719, 6153, 7584, 86, 7807, 4735
6521, 816, 2270, 7568, 8615, 4922, 1530, 7143, 1885, 5482
7908, 3792, 8946, 9672, 8201, 3452, 9969, 9094, 7064, 7237
3120, 7950, 5716, 5557, 2985, 1821, 9287, 1022, 2534, 876
2646, 1054, 1030, 6976, 6082, 1396, 3708, 1883, 2773, 8369
8033, 6488, 6335, 7971, 8418, 3593, 896, 2684, 8117, 7253
2924, 4180, 9748, 5165, 6509, 1861, 3225, 5035, 2258, 5284
7326, 5306, 249, 563, 1265, 4409, 1520, 2384, 2761, 6638
2311, 2803, 5525, 7749, 5089, 5402, 2703, 6158, 4930, 1505
3256, 9465, 8167, 2679, 1449, 4354, 6094, 8008, 2044, 3690
6481, 1380, 1866, 488, 1498, 1546, 6757, 3141, 2439, 4869
1325, 2511, 9566, 7308, 2545, 2946, 3221, 7145, 7099, 2376
6378, 821, 5974, 7881, 6338, 3129, 4076, 7568, 2043, 3787
5526, 4818, 7408, 3384, 4025, 7807, 3555, 6518, 9295, 4837
5202, 8488, 7128, 7022, 5463, 9239, 2283, 3295, 2950, 6220
5573, 5739, 5710, 3979, 4968, 7455, 4030, 4731, 3555, 3769
1654, 3560, 4813, 9369, 6015, 8714, 1599, 739, 6681, 798
1647, 9588, 4238, 9025, 3063, 1155, 1831, 1126, 820, 4444
7932, 6545, 9094, 104, 3878, 7635, 4583, 2174, 4681, 6440
7151, 5219, 5983, 2541, 3524, 38, 8293, 6897, 2590, 1904
957, 8326, 1094, 3337, 4555, 5696, 463, 1855, 9926, 2533
3820, 6164, 8419, 7285, 4036, 3920, 2252, 4773, 8017, 4536
1669, 809, 6135, 4291, 8833, 1200, 8718, 476, 7646, 7622
5077, 374, 5187, 9312, 7860, 4097, 2646, 619, 2652, 7415
1821, 3178, 3322, 7191, 9595, 9227, 5208, 2955, 2889, 6224
103, 9879, 9013, 7377, 12, 2164, 7485, 3432, 5307, 5001
1941, 6464, 2921, 559, 9921, 3432, 1929, 7898, 8357, 9480
5698, 8129, 5588, 1729, 4998, 3590, 1811, 9183, 5485, 4116
241, 3639, 1301, 5737, 2262, 540, 4061, 4251, 8054, 2586
17, 9002, 9497, 495, 8053, 2115, 4450, 48, 7349, 656
6014, 9928, 8158, 4785, 5323, 8463, 2344, 9712, 2356, 8354
447, 6345, 9964, 5337, 4574, 171, 1353, 4383, 7646, 3600
