279, 608, 191, 729, 421, 555, 544, 220, 649, 265
629, 487, 894, 108, 194, 620, 348, 354, 22, 36
258, 135, 769, 478, 570, 591, 846, 245, 101, 108
996, 445, 599, 208, 875, 121, 142, 924, 927, 425
922, 37, 401, 727, 647, 419, 431, 34, 876, 457
744, 924, 414, 963, 333, 872, 978, 852, 822, 766
82, 191, 853, 875, 344, 355, 110, 107, 566, 323
486, 188, 681, 555, 746, 446, 246, 353, 80, 444
483, 198, 944, 102, 825, 135, 202, 895, 622, 445
560, 725, 621, 75, 451, 517, 176, 580, 804, 806
202, 491, 59, 865, 745, 338, 108, 658, 426, 319
9, 164, 172, 318, 942, 773, 548, 442, 65, 442
684, 155, 384, 785, 570, 586, 600, 418, 275, 151
960, 505, 701, 450, 630, 146, 797, 11, 869, 197
385, 455, 578, 133, 220, 931, 683, 360, 277, 802
414, 512, 823, 242, 654, 333, 322, 500, 313, 232
503, 752, 305, 485, 369, 70, 348, 226, 543, 50
190, 705, 149, 106, 532, 194, 357, 206, 413, 296
163, 276, 405, 684, 744, 232, 382, 686, 978, 29
336, 765, 802, 619, 413, 353, 21, 374, 70, 230
135, 724, 725, 220, 615, 99, 622, 251, 134, 393
720, 13, 489, 177, 273, 481, 48, 44, 977, 31
528, 575, 233, 43, 53, 73, 622, 379, 179, 903
75, 608, 455, 942, 142, 935, 877, 328, 129, 235
359, 606, 608, 526, 846, 966, 992, 790, 600, 105
877, 754, 300, 44, 198, 683, 698, 110, 101, 995
1000, 173, 263, 518, 55, 52, 347, 904, 171, 338
56, 582, 65, 831, 454, 936, 372, 92, 209, 836
500, 907, 350, 489, 385, 870, 912, 126, 162, 669
669, 264, 814, 158, 847, 440, 864, 492, 610, 478
217, 329, 889, 595, 148, 904, 883, 652, 895, 602
913, 104, 494, 682, 406, 189, 314, 794, 380, 452
796, 719, 771, 506, 332, 24, 287, 787, 725, 850
686, 626, 754, 724, 40, 60, 445, 968, 552, 19
86, 127, 4, 852, 865, 550, 434, 609, 400, 331
280, 2, 166, 241, 834, 942, 204, 209, 738, 798
241, 623, 247, 128, 239, 190, 76, 513, 143, 220
428, 841, 614, 502, 965, 547, 94, 779, 611, 866
22, 120, 663, 996, 694, 709, 163, 136, 391, 552
848, 571, 301, 750, 647, 736, 355, 500, 732, 629
572, 806, 800, 73, 472, 137, 339, 14, 239, 272
769, 290, 818, 612, 248, 301, 450, 725, 795, 791
267, 117, 305, 557, 141, 985, 843, 977, 525, 844
970, 61, 730, 109, 367, 362, 212, 443, 422, 226
66, 829, 198, 959, 81, 181, 914, 14, 993, 934
636, 386, 74, 709, 61, 865, 131, 297, 819, 170
602, 665, 664, 764, 244, 277, 993, 971, 74, 161
435, 262, 155, 845, 864, 484, 170, 754, 962, 847
365, 368, 648, 594, 530, 961, 164, 799, 855, 383
995, 93, 168, 753, 348, 583, 646, 104, 238, 441
686, 655, 29, 572, 33, 800, 682, 47, 26, 576
718, 718, 206, 947, 89, 346, 192, 248, 240, 532
298, 714, 730, 302, 831, 936, 594, 762, 612, 620
827, 179, 339, 124, 406, 966, 17, 819, 757, 567
560, 44, 362, 804, 689, 637, 850, 621, 277, 462
354, 798, 760, 982, 541, 144, 808, 667, 451, 153
513, 73, 495, 976, 473, 438, 912, 598, 955, 752
308, 977, 956, 780, 168, 749, 627, 876, 860, 189
444, 149, 979, 552, 778, 579, 283, 476, 773, 722
292, 903, 331, 596, 68, 13, 573, 946, 227, 210
422, 616, 72, 113, 27, 150, 64, 121, 898, 387
470, 106, 604, 47, 866, 214, 895, 578, 565, 601
547, 174, 691, 101, 368, 491, 389, 943, 431, 642
889, 180, 296, 981, 487, 383, 98, 247, 879, 193
124, 460, 6, 458, 680, 195, 658, 892, 357, 735
874, 308, 69, 68, 420, 809, 324, 523, 278, 994
107, 275, 946, 452, 322, 825, 496, 661, 925, 749
559, 537, 374, 917, 366, 199, 410, 878, 349, 28
58, 192, 616, 140, 874, 809, 842, 879, 573, 375
388, 215, 887, 327, 147, 933, 811, 494, 885, 816
175, 383, 386, 792, 611, 308, 348, 533, 140, 365
566, 878, 539, 298, 969, 952, 257, 723, 11, 591
541, 861, 621, 789, 700, 816, 617, 74, 828, 968
976, 610, 268, 584, 379, 251, 185, 193, 508, 886
265, 673, 132, 829, 731, 769, 818, 163, 954, 724
304, 987, 357, 323, 58, 475, 305, 240, 479, 767
31, 385, 559, 704, 79, 554, 32, 887, 688, 433
743, 99, 759, 239, 89, 731, 274, 283, 97, 432
747, 564, 670, 5, 182, 483, 522, 179, 519, 91
123, 957, 167, 115, 321, 848, 109, 97, 115, 497
79, 665, 492, 497, 38, 228, 75, 793, 200, 570
575, 192, 569, 733, 263, 118, 352, 281, 562, 549
395, 22, 123, 153, 450, 268, 690, 660, 574, 717
847, 677, 11, 62, 600, 947, 516, 425, 194, 258
31, 582, 35, 400, 77, 829, 308, 70, 553, 707
178, 618, 490, 683, 957, 976, 798, 796, 490, 545
10, 441, 777, 269, 626, 37, 72, 455, 562, 325
537, 391, 307, 625, 581, 297, 992, 956, 623, 378
388, 709, 790, 485, 979, 706, 601, 344, 114, 216
334, 936, 191, 915, 674, 863, 913, 689, 503, 942
621, 770, 904, 864, 898, 939, 842, 296, 282, 948
101, 606, 268, 846, 883, 452, 824, 946, 416, 406
512, 702, 813, 453, 88, 730, 846, 268, 893, 59
133, 486, 111, 985, 532, 466, 900, 14, 162, 284
425, 714, 629, 636, 53, 524, 618, 512, 969, 793
429, 729, 291, 617, 162, 330, 730, 367, 482, 220
82, 166, 184, 615, 251, 740, 570, 541, 412, 771
56, 379, 314, 32, 877, 599, 884, 538, 12, 136
251, 626, 565, 583, 554, 381, 872, 229, 566, 673
385, 932, 280, 982, 193, 366, 76, 326, 59, 123
