34, 83, 23, 171, 194, 156, 135, 153, 4, 138
118, 131, 192, 179, 111, 158, 1, 112, 38, 181
129, 199, 61, 185, 30, 58, 134, 18, 59, 7
79, 150, 194, 64, 104, 109, 137, 9, 98, 35
104, 37, 138, 81, 16, 39, 166, 18, 124, 69
46, 33, 198, 132, 173, 173, 85, 77, 55, 84
13, 11, 80, 106, 160, 45, 57, 55, 197, 152
79, 43, 108, 148, 146, 29, 29, 30, 139, 63
109, 25, 188, 130, 129, 195, 95, 141, 58, 190
53, 47, 182, 88, 18, 14, 177, 168, 55, 2
77, 12, 59, 122, 7, 73, 33, 67, 117, 135
107, 16, 151, 191, 95, 54, 91, 15, 199, 55
101, 182, 185, 53, 189, 122, 21, 154, 163, 94
15, 137, 91, 42, 32, 142, 102, 137, 78, 56
65, 172, 121, 125, 124, 115, 182, 78, 153, 122
112, 97, 6, 21, 169, 2, 189, 79, 79, 172
175, 76, 16, 73, 191, 36, 186, 162, 113, 49
95, 200, 170, 106, 141, 1, 78, 171, 117, 105
5, 106, 195, 52, 68, 100, 46, 139, 102, 94
168, 195, 160, 174, 49, 140, 107, 89, 146, 105
