1127, 2841, 655, 2536, 554, 182, 409, 2894, 2049, 1630
1107, 2191, 2719, 3694, 731, 1145, 2408, 79, 2405, 631
2474, 1741, 2659, 1454, 1448, 2202, 3755, 3024, 3902, 4781
2542, 452, 1187, 1034, 4181, 4901, 3805, 555, 3595, 4429
1495, 834, 2219, 1319, 2022, 304, 1245, 1438, 2162, 695
1206, 3495, 1892, 1977, 4091, 4610, 3797, 514, 3392, 2315
1879, 2175, 3773, 1807, 2273, 1990, 3754, 4559, 4318, 4835
4923, 178, 2374, 582, 4163, 2040, 4763, 4322, 4046, 29
4572, 3465, 3731, 4722, 66, 2889, 3533, 3029, 2069, 3357
4044, 2709, 3963, 857, 2874, 2470, 4452, 2322, 2957, 2142
3731, 3631, 1761, 1697, 1546, 3580, 1667, 3308, 3556, 4853
3792, 1104, 2835, 3724, 2651, 2625, 2880, 1243, 983, 3881
2059, 4770, 4511, 907, 4350, 7, 1849, 3791, 1317, 3151
2515, 4583, 1490, 1880, 415, 4734, 4892, 2820, 2723, 1224
4537, 3686, 631, 4554, 2857, 1758, 4089, 2954, 4110, 3141
1126, 239, 3326, 2065, 3043, 2546, 3120, 1230, 399, 2500
212, 3851, 1375, 4327, 56, 3598, 2456, 2175, 775, 237
4845, 675, 2256, 29, 2373, 3202, 422, 551, 1796, 4481
1758, 2832, 637, 3893, 4081, 1473, 505, 3383, 4527, 2478
4763, 2107, 3441, 3727, 2943, 2543, 1525, 977, 2749, 3757
1856, 1356, 1056, 606, 861, 27, 2042, 3098, 1287, 2847
901, 1170, 931, 1453, 2853, 961, 4904, 4257, 4657, 2058
1426, 3695, 2567, 2798, 1743, 1430, 4530, 4616, 4774, 691
51, 3891, 4442, 4010, 1037, 3620, 87, 456, 241, 4506
2090, 702, 4462, 3456, 3271, 3737, 2717, 4504, 1939, 3709
905, 3373, 1550, 819, 1259, 1181, 2194, 2902, 3621, 3775
3287, 3524, 3589, 1103, 4982, 677, 4159, 1347, 3546, 2413
1388, 2566, 286, 2051, 339, 1898, 2923, 2023, 174, 2232
3772, 2116, 3511, 784, 3706, 3935, 2005, 851, 635, 4716
45, 2209, 1699, 3048, 1668, 1818, 2414, 622, 3723, 2782
512, 2526, 1817, 3494, 3394, 2637, 1151, 142, 124, 4985
3155, 4154, 3445, 2408, 2347, 3835, 4562, 2088, 3534, 2611
3135, 712, 833, 4029, 428, 639, 2897, 2618, 4175, 2020
3956, 3248, 397, 2754, 2508, 3508, 780, 1126, 4200, 4788
2846, 2676, 3486, 307, 3181, 3756, 1870, 114, 1964, 3679
2375, 4189, 2539, 674, 2557, 816, 3290, 4248, 3394, 4230
440, 976, 1649, 925, 1855, 375, 2226, 743, 4789, 1183
2548, 3463, 4261, 1461, 1858, 1540, 4712, 2026, 428, 1543
4842, 206, 954, 599, 3403, 2740, 4629, 589, 2133, 1666
916, 1255, 4147, 863, 790, 1592, 2084, 2503, 2344, 3472
3100, 2635, 4481, 3855, 4858, 1296, 484, 4689, 3142, 350
2772, 1497, 2930, 1509, 2524, 2467, 2756, 4714, 2765, 2698
2749, 1956, 2844, 2215, 1722, 1529, 3147, 179, 4980, 1587
213, 3568, 789, 869, 2602, 2451, 1617, 4351, 1724, 4194
1529, 2544, 4076, 1968, 3705, 2796, 1352, 2456, 3661, 1376
2758, 228, 1884, 828, 1734, 4223, 4077, 3663, 140, 1080
352, 711, 1728, 4296, 1263, 2319, 3766, 2689, 1565, 3728
3205, 914, 1556, 2534, 1106, 832, 3859, 1260, 1855, 1803
511, 1614, 3097, 1435, 984, 264, 2564, 527, 999, 3854
2578, 4908, 3375, 2191, 2118, 3796, 2997, 3498, 2429, 3326
1352, 1547, 745, 4568, 303, 738, 3208, 605, 2317, 3960
1680, 1856, 4683, 3878, 772, 3771, 1107, 3553, 2245, 3040
4694, 4210, 4329, 463, 2307, 3249, 4525, 4653, 3452, 601
4979, 4193, 4528, 534, 4053, 60, 2080, 3157, 3928, 4374
3407, 216, 2063, 833, 3792, 572, 4738, 1273, 1206, 4351
1533, 4933, 4781, 4061, 3240, 1601, 2519, 87, 1583, 324
2845, 4729, 2992, 3140, 4680, 244, 3368, 2192, 3410, 879
132, 1437, 2589, 597, 3285, 4726, 1643, 2104, 518, 827
4049, 2343, 2020, 4357, 410, 2784, 2695, 3225, 174, 696
3831, 3098, 3964, 4298, 2845, 3684, 2334, 2819, 4136, 1520
3439, 452, 1872, 4246, 2776, 674, 2061, 3416, 3851, 3206
1166, 628, 107, 4812, 1777, 3398, 4953, 3313, 2817, 1633
1485, 1991, 3175, 1206, 2411, 4137, 2834, 4153, 403, 1687
960, 3880, 199, 4400, 163, 2085, 1989, 3554, 3943, 3036
3595, 473, 1824, 3742, 959, 3320, 2373, 209, 4823, 3485
4287, 4127, 1126, 2688, 307, 1489, 3998, 461, 2881, 3336
3236, 1914, 1552, 928, 3344, 952, 152, 2626, 4033, 2676
4866, 1144, 228, 4279, 870, 4574, 1968, 3127, 4361, 3524
221, 925, 3115, 4122, 3790, 4386, 1643, 2786, 1774, 2641
3785, 526, 512, 1974, 129, 3950, 2814, 4218, 3771, 2255
302, 1961, 4749, 1965, 2606, 982, 2755, 4055, 3794, 4546
1301, 446, 2560, 3812, 1380, 1839, 1391, 825, 3335, 1898
4704, 4138, 450, 4785, 129, 3584, 221, 504, 3932, 2450
2541, 1240, 4534, 3758, 91, 549, 100, 2853, 1926, 1755
2804, 4170, 4602, 385, 3126, 4602, 1194, 624, 2134, 2323
2230, 2988, 171, 400, 589, 208, 3765, 3059, 4164, 4002
1975, 477, 4224, 1911, 1062, 3680, 2843, 3905, 503, 1108
4309, 3015, 4626, 2770, 939, 1749, 4914, 1076, 308, 3501
4016, 2268, 4795, 4345, 626, 4088, 2791, 3438, 4937, 998
4377, 3033, 3216, 121, 2479, 1045, 3257, 4389, 4281, 227
3839, 1860, 4719, 996, 3199, 4555, 509, 4769, 2885, 4565
3142, 1799, 4176, 4967, 214, 1132, 1650, 2702, 4753, 1188
2040, 2825, 355, 4033, 4227, 3946, 494, 979, 2814, 1336
3194, 1807, 1472, 4895, 2190, 4154, 2254, 4371, 531, 515
3370, 1505, 3294, 1151, 350, 3310, 4802, 3257, 2472, 4998
1322, 1420, 1105, 2269, 2755, 151, 3049, 285, 2061, 4910
45, 2031, 2570, 2182, 3239, 4498, 1163, 723, 928, 1541
4033, 2493, 2425, 653, 3429, 2137, 327, 3769, 2056, 720
2840, 4537, 1390, 4597, 1674, 1018, 3652, 1698, 2605, 2477
347, 4945, 4495, 2512, 664, 1775, 3594, 1063, 861, 649
35, 901, 712, 2415, 2645, 378, 1977, 171, 1431, 1863
3488, 2847, 2746, 1511, 3304, 986, 2985, 216, 45, 2219
2261, 3323, 3172, 1230, 1125, 1887, 4111, 4685, 953, 2307
3779, 3217, 2856, 4857, 1528, 599, 3413, 3933, 4628, 3598
1146, 2907, 1991, 3170, 1482, 4032, 204, 988, 2384, 2296
408, 4714, 4017, 548, 2056, 3695, 1104, 1501, 107, 1471
2128, 324, 1319, 2959, 3012, 3499, 728, 4479, 1628, 3318
4537, 3572, 4164, 2622, 415, 4379, 2139, 1498, 1961, 3883
4489, 611, 1807, 4794, 2696, 3370, 4656, 2776, 3092, 2556
4302, 4898, 4719, 4256, 4995, 2807, 5, 152, 811, 1102
1140, 3652, 3169, 3958, 4141, 1379, 2216, 4711, 4605, 1778
1693, 200, 2871, 1785, 3662, 4872, 1779, 3079, 3052, 1598
3929, 2973, 2119, 260, 1026, 864, 2409, 4425, 151, 151
196, 4126, 802, 3641, 1156, 3964, 4233, 4222, 4003, 3452
2646, 3096, 109, 3628, 3733, 351, 3142, 4364, 193, 515
3405, 161, 692, 648, 1710, 1077, 2064, 2648, 4569, 2675
486, 3479, 1048, 2187, 4149, 3287, 3477, 999, 4964, 2460
3167, 1746, 3205, 1837, 1673, 887, 3479, 3358, 3301, 3595
246, 3059, 968, 1981, 3862, 1284, 1745, 3179, 766, 3231
948, 18, 18, 2740, 196, 3455, 2545, 838, 1813, 1490
3808, 2907, 1353, 2471, 2948, 4808, 42, 2123, 4968, 2794
842, 4515, 4979, 4252, 2561, 4835, 4186, 3344, 601, 198
2604, 4647, 1590, 848, 664, 1542, 4052, 2172, 2323, 14
2327, 4649, 4124, 3168, 3106, 4349, 4688, 147, 465, 1244
869, 2489, 1931, 2847, 4288, 1261, 222, 2829, 26, 3039
124, 4973, 3906, 1195, 1321, 543, 126, 2728, 3257, 4196
156, 1258, 3031, 4806, 1338, 1876, 2868, 641, 3922, 1638
2049, 3469, 2679, 167, 3223, 1320, 3991, 2649, 925, 3651
3232, 803, 3277, 3253, 1196, 749, 4665, 2070, 2702, 1525
4276, 3681, 3764, 1917, 2461, 4673, 380, 445, 4502, 2566
4014, 4256, 934, 3783, 4138, 1680, 564, 1652, 3597, 2981
334, 4449, 4656, 366, 3846, 2251, 1928, 968, 4704, 2696
3518, 289, 3643, 4252, 4185, 1357, 2225, 1452, 459, 57
959, 2465, 4158, 784, 4281, 1774, 1949, 4912, 2838, 4266
89, 432, 3303, 2135, 1937, 3715, 4291, 4824, 2257, 1897
4853, 143, 4038, 3553, 964, 2302, 4700, 3106, 3294, 3225
2027, 3547, 4592, 535, 4413, 3091, 178, 780, 1583, 4587
2486, 796, 1144, 142, 14, 617, 4197, 3349, 2935, 3305
2536, 830, 2983, 999, 3600, 486, 873, 4304, 2991, 2344
880, 1877, 4868, 3761, 2050, 375, 1241, 1915, 2778, 1380
2795, 1366, 3763, 380, 541, 2784, 4001, 3360, 2917, 2626
2034, 626, 2668, 96, 592, 2598, 3697, 327, 4499, 1713
30, 4610, 4295, 4618, 4672, 121, 2829, 3150, 2296, 141
2860, 4214, 1662, 1531, 969, 3088, 948, 2632, 889, 612
3116, 2984, 2304, 2189, 334, 3130, 129, 3484, 1407, 3653
1569, 981, 2705, 1945, 1673, 4609, 1290, 3372, 4770, 1808
3264, 1805, 4876, 3879, 2426, 2110, 1691, 3252, 3034, 1864
3133, 3026, 352, 854, 607, 274, 2343, 3432, 555, 4491
923, 3032, 201, 1874, 2819, 1425, 658, 4360, 4234, 802
3183, 604, 2143, 1512, 4828, 3803, 3607, 4893, 4967, 1980
428, 4205, 4308, 3669, 1599, 1773, 4795, 19, 1784, 472
4822, 1379, 1732, 1422, 642, 4253, 3065, 606, 510, 1314
294, 454, 3978, 3752, 2213, 2116, 378, 2767, 2775, 844
4829, 2046, 530, 3098, 406, 1845, 2906, 657, 1838, 674
2965, 3035, 4131, 1951, 3964, 216, 2682, 1781, 2216, 2446
4931, 3895, 311, 553, 1937, 405, 2769, 3274, 3109, 1824
3030, 646, 3844, 3308, 2764, 3121, 1972, 4320, 3769, 2692
4006, 3915, 653, 2587, 2958, 138, 1638, 3111, 4054, 415
4960, 1663, 870, 3562, 1434, 1848, 387, 4680, 4235, 2000
3361, 1382, 548, 3214, 2982, 4829, 2297, 3898, 4012, 3674
1907, 3535, 4281, 4919, 4863, 2423, 1396, 875, 4584, 705
3892, 2595, 3622, 1445, 265, 3415, 4309, 4787, 4707, 1775
4326, 2612, 3276, 3298, 3989, 2953, 3753, 1560, 1080, 2174
503, 2726, 1106, 2139, 2501, 1811, 4995, 3206, 1932, 1706
1891, 2758, 1868, 2878, 2879, 630, 932, 197, 3378, 3611
4157, 4297, 942, 4222, 93, 2931, 3511, 2083, 1640, 999
3617, 2111, 586, 2041, 1925, 2044, 4852, 3941, 2157, 3345
921, 2684, 27, 3360, 648, 1511, 4240, 4468, 220, 2933
1201, 2596, 3055, 3087, 133, 1728, 22, 2312, 4035, 1590
4001, 3006, 1445, 3002, 1010, 2446, 4528, 3121, 3105, 2229
2383, 1168, 3555, 561, 2113, 547, 2688, 4796, 68, 1229
2846, 3271, 3489, 838, 1516, 796, 4634, 4035, 2652, 558
3351, 2309, 2742, 4487, 1081, 23, 4890, 4343, 4250, 4820
849, 3795, 489, 1956, 1551, 3245, 2470, 2855, 4384, 919
962, 3310, 4415, 888, 1756, 4557, 1427, 4448, 2989, 3478
2577, 773, 2422, 92, 2709, 1991, 886, 1783, 4157, 1895
4133, 2379, 1336, 3178, 2808, 1211, 3704, 2432, 2842, 3869
979, 2807, 468, 1166, 3041, 194, 3681, 1907, 819, 2582
2063, 2721, 2868, 2501, 2471, 4270, 2466, 484, 3649, 3869
411, 660, 2895, 3920, 234, 1171, 4176, 4732, 1400, 220
2264, 4831, 3908, 146, 2786, 878, 2003, 1907, 4051, 997
2536, 4555, 2251, 4392, 4707, 4673, 2848, 4296, 3900, 227
451, 4040, 146, 2542, 80, 651, 2762, 1320, 124, 3979
4987, 127, 2153, 612, 986, 3076, 2206, 2303, 4542, 2464
4348, 3433, 4201, 4306, 79, 3287, 2565, 1061, 2826, 1308
673, 4766, 996, 3077, 4039, 1558, 1351, 4483, 2717, 2377
3559, 2654, 3980, 4059, 1258, 3370, 2973, 3092, 3527, 3625
1418, 2009, 2321, 4472, 2286, 1216, 3969, 3835, 2731, 4998
2919, 3830, 4502, 1368, 4500, 1842, 3746, 1547, 4905, 3209
2496, 1185, 13, 1227, 4050, 1439, 2928, 4058, 871, 3390
1942, 2700, 300, 1442, 2072, 4675, 1653, 2262, 4752, 1181
1704, 1212, 1769, 4463, 3758, 4001, 1384, 651, 3359, 4650
2212, 2538, 1722, 2690, 4896, 1112, 387, 3689, 4392, 3917
2780, 2641, 787, 3281, 1577, 1071, 1493, 4908, 4758, 2514
1524, 3439, 1311, 4993, 2048, 593, 4324, 3861, 2333, 4532
3392, 3061, 2520, 3265, 1701, 4990, 603, 4202, 1918, 127
1859, 910, 2097, 3600, 4633, 2883, 3804, 2015, 1253, 4058
1495, 363, 4704, 94, 4453, 4475, 4922, 1433, 2769, 4485
3459, 3515, 4829, 794, 3243, 4829, 1924, 1551, 1178, 1874
4430, 4993, 810, 4706, 1844, 4571, 760, 2253, 1542, 1065
1043, 1361, 2639, 622, 2820, 711, 3540, 3299, 3003, 1419
2415, 39, 3005, 2801, 3296, 619, 1108, 4915, 1448, 4013
3725, 3961, 1577, 3150, 3084, 3407, 4985, 2881, 4972, 3242
4471, 862, 1459, 1524, 4367, 2067, 3718, 2724, 3018, 484
3664, 4886, 1670, 145, 927, 1977, 1420, 3486, 4777, 4596
627, 864, 4976, 3627, 1564, 417, 3670, 1374, 3405, 4702
887, 3317, 4473, 1354, 2357, 3834, 2690, 2455, 759, 2397
844, 3084, 2339, 4313, 3697, 3983, 1640, 4447, 2737, 2615
2978, 4883, 2488, 3858, 1326, 1206, 2221, 2497, 4261, 773
2619, 1580, 612, 1541, 251, 311, 3144, 34, 2908, 3899
4320, 3606, 4217, 282, 1464, 4701, 3100, 2359, 16, 1237
817, 582, 4915, 3189, 4635, 3576, 429, 3984, 4630, 1370
2984, 302, 858, 1921, 2464, 3137, 1190, 3603, 2359, 1301
984, 773, 3867, 220, 714, 1506, 3331, 1323, 3401, 1590
3297, 4469, 3635, 3407, 886, 1815, 2048, 4818, 1834, 1833
3096, 2273, 3070, 1138, 4529, 1658, 763, 2901, 3421, 4899
933, 2418, 524, 994, 1107, 3759, 1758, 1063, 4897, 2576
1070, 583, 1582, 2376, 459, 1624, 3902, 1389, 3503, 238
4005, 722, 3906, 3636, 135, 3600, 3731, 4805, 3281, 3176
2946, 3360, 922, 273, 1849, 3860, 3706, 1826, 3885, 4907
2851, 198, 897, 3673, 3051, 1749, 4855, 259, 2582, 2947
3697, 3443, 2660, 1541, 2828, 4107, 1269, 1132, 3406, 229
1502, 817, 3397, 4306, 2342, 4444, 1895, 2453, 3665, 1233
1942, 2860, 447, 3413, 2411, 4159, 1986, 3624, 1632, 1704
514, 442, 2819, 945, 1432, 1002, 2213, 4801, 1367, 2793
76, 3673, 3008, 1768, 2043, 4534, 4143, 3305, 1345, 3491
968, 4268, 1520, 1502, 2284, 262, 4093, 4207, 829, 59
4656, 3326, 389, 4299, 3907, 4533, 2187, 17, 717, 1267
2697, 1857, 208, 1269, 3018, 1311, 2289, 347, 223, 3154
4582, 1732, 3773, 4646, 2868, 4934, 1945, 3599, 3927, 425
2480, 1913, 2032, 4782, 3443, 2604, 2736, 3798, 1219, 1544
1584, 2020, 2948, 2506, 4568, 1751, 4181, 2326, 4767, 3758
361, 1642, 3341, 3446, 3621, 26, 2439, 2063, 1171, 3275
2458, 58, 483, 2734, 1872, 3948, 4412, 2039, 635, 2204
1873, 3430, 3048, 1945, 3987, 602, 2766, 2924, 1505, 444
3286, 2763, 2156, 3423, 3589, 4004, 3189, 4802, 2164, 2570
1917, 2010, 425, 243, 4560, 1469, 2844, 2255, 4920, 4231
4839, 2354, 3215, 2999, 2255, 2084, 3103, 1830, 2295, 1534
4231, 2723, 3103, 2419, 1620, 1772, 1004, 720, 2362, 3559
3622, 890, 619, 1969, 513, 369, 4912, 2412, 4164, 1905
87, 3860, 2786, 4008, 688, 1230, 1149, 4240, 4029, 3978
736, 2214, 1643, 1264, 2461, 2184, 2336, 3881, 2999, 4398
3526, 1951, 3731, 3385, 2507, 4062, 3863, 2183, 4291, 983
3674, 2302, 2581, 2825, 3306, 2520, 1632, 457, 3022, 4463
4386, 2556, 1394, 3983, 427, 808, 1135, 3885, 1919, 1955
1089, 3875, 770, 3619, 655, 3823, 20, 3084, 4881, 254
1809, 628, 271, 1467, 1827, 228, 1510, 1020, 3015, 3114
2186, 3362, 3813, 62, 2938, 2325, 54, 3252, 438, 4473
3030, 966, 3746, 2191, 2223, 2270, 4376, 4654, 48, 4625
3266, 1898, 2038, 110, 459, 3868, 2173, 4073, 2701, 1252
4632, 1976, 1146, 2081, 1047, 503, 431, 3887, 2752, 2339
4354, 4640, 2586, 3265, 1354, 762, 4749, 582, 3574, 682
4587, 3544, 3844, 1959, 3605, 3494, 2837, 4820, 1037, 4260
1515, 3577, 3786, 4705, 3319, 4711, 4064, 3938, 1639, 745
2920, 2629, 3401, 4869, 2372, 2817, 2476, 2017, 1469, 209
2174, 259, 3719, 1448, 2498, 55, 4973, 3894, 1191, 3884
805, 3259, 1697, 1176, 73, 2180, 3161, 1586, 4904, 3405
4815, 4943, 3965, 4085, 519, 2375, 1628, 2991, 4644, 1385
532, 2277, 2701, 1317, 1366, 361, 3808, 1104, 4982, 2408
930, 4674, 4602, 4493, 660, 1061, 2174, 3666, 4873, 2814
2767, 722, 2283, 4497, 2826, 1386, 4327, 1293, 3282, 4909
865, 1388, 2875, 2546, 3208, 1936, 1476, 4749, 3376, 837
3059, 3643, 4983, 4654, 3703, 2392, 1223, 4034, 4925, 3977
682, 4048, 2356, 2218, 810, 3717, 4353, 138, 2211, 3361
4283, 2020, 1249, 3031, 2864, 3643, 3556, 3484, 448, 1754
4330, 3790, 3441, 3487, 4785, 3129, 738, 2348, 2039, 4618
2429, 1206, 2549, 3807, 4123, 2415, 3722, 2968, 2378, 2071
3094, 2850, 4023, 2074, 2593, 4956, 3183, 2551, 74, 281
3645, 3424, 4864, 1170, 1286, 2858, 3810, 2444, 4240, 3508
461, 1451, 4875, 3601, 3688, 1139, 2691, 4409, 4009, 648
3264, 1684, 311, 2210, 2703, 3933, 164, 3237, 1490, 497
1881, 4827, 4058, 3282, 3724, 897, 2341, 195, 3880, 4117
4588, 771, 4173, 4350, 4695, 378, 1928, 2449, 3016, 1572
1263, 1994, 1027, 2760, 1196, 1451, 173, 3209, 2293, 3263
263, 3530, 1100, 950, 1563, 4980, 2718, 4598, 1743, 3500
1033, 3420, 2047, 119, 2426, 2221, 1820, 1087, 2931, 3200
2384, 2160, 1975, 4398, 3371, 2959, 4004, 1385, 310, 2476
4369, 4450, 3676, 1595, 2930, 1890, 947, 887, 4623, 2449
121, 1608, 3044, 2136, 419, 351, 4548, 3953, 1833, 138
1898, 390, 2360, 2872, 2775, 4344, 112, 3182, 435, 344
407, 1222, 3201, 218, 2991, 2124, 2108, 4037, 4036, 4297
2354, 3455, 1841, 4086, 4540, 4687, 4633, 724, 3441, 4978
994, 1065, 3982, 2432, 4232, 4469, 1427, 3260, 751, 4286
4242, 3798, 4399, 4071, 782, 367, 4671, 4777, 4103, 1611
3650, 1732, 4850, 3807, 1300, 3536, 792, 4050, 1823, 4612
1113, 1722, 2064, 232, 4751, 1688, 4054, 1150, 853, 3583
4095, 226, 701, 1747, 4151, 3531, 2474, 2351, 4233, 3886
804, 1935, 4050, 1222, 2944, 1906, 1587, 1882, 3598, 1124
1305, 4045, 3582, 4849, 3519, 2356, 2528, 2876, 1174, 2132
1498, 1514, 246, 3476, 2478, 4481, 4079, 905, 445, 4419
2243, 1854, 1856, 3423, 3755, 1584, 1403, 1294, 1970, 2979
2207, 4023, 2862, 4572, 3803, 1710, 3159, 1321, 562, 2504
4486, 3088, 3248, 2262, 4462, 1410, 3510, 3171, 4238, 3260
1763, 3252, 1152, 286, 4793, 160, 2536, 1201, 3930, 506
3678, 1597, 4239, 1390, 401, 2621, 1431, 2033, 3331, 3707
1654, 2172, 4003, 509, 2482, 308, 2630, 4549, 4557, 2426
3804, 3454, 3523, 2113, 3724, 168, 3639, 4561, 4685, 4631
4014, 344, 2039, 4237, 2628, 2606, 3689, 2475, 3873, 1892
3545, 848, 3663, 1679, 2523, 648, 4937, 4793, 3446, 2860
1105, 4052, 507, 388, 419, 1425, 2552, 2005, 3792, 1721
4759, 3683, 850, 1982, 4990, 476, 1905, 2266, 3809, 301
4739, 285, 1585, 569, 2767, 1478, 878, 1571, 2805, 409
757, 211, 4280, 49, 3500, 4116, 4854, 2249, 1553, 1401
4505, 3429, 2890, 4371, 2316, 2878, 3951, 1687, 50, 4974
2778, 4108, 4357, 2361, 3843, 4319, 1137, 297, 3260, 445
2503, 3073, 1878, 2224, 655, 4241, 3798, 456, 4802, 1512
3621, 599, 2085, 1348, 3270, 4217, 3060, 2435, 2007, 706
2959, 728, 389, 4938, 3624, 3747, 2834, 3657, 889, 3681
750, 2589, 2714, 2806, 2545, 4636, 2508, 2295, 1774, 2386
1307, 1096, 1455, 841, 3388, 4753, 2957, 1414, 3868, 4962
1367, 4130, 2283, 1944, 217, 729, 3985, 671, 961, 2368
3564, 88, 1596, 2674, 4843, 3841, 1356, 4495, 760, 4180
492, 3789, 377, 648, 173, 321, 3486, 615, 4074, 2110
709, 1449, 1311, 983, 4821, 414, 451, 2766, 2651, 349
4822, 3505, 807, 4152, 3054, 2962, 1309, 1175, 557, 2824
2520, 3887, 1718, 2531, 2554, 928, 3997, 4487, 440, 2709
97, 2852, 4950, 1339, 2500, 114, 4037, 3656, 864, 3980
3844, 3459, 3562, 2394, 4965, 2737, 4482, 4563, 1462, 1883
478, 3125, 1270, 1733, 596, 3701, 63, 1310, 1803, 2609
2365, 700, 2351, 591, 3754, 85, 2816, 974, 164, 4600
487, 503, 4131, 179, 4934, 2645, 2034, 2782, 4580, 1472
4012, 2943, 375, 4729, 2514, 3809, 2847, 1751, 2854, 2772
689, 2245, 1699, 1430, 3689, 4154, 888, 1755, 3905, 2888
4016, 4546, 1297, 3087, 2924, 2009, 815, 48, 4712, 814
1827, 2082, 3780, 220, 3452, 4843, 1357, 1609, 3806, 3749
4802, 1842, 2232, 2004, 3539, 1267, 4746, 793, 4368, 2388
2061, 983, 573, 2189, 1572, 2560, 611, 3303, 2388, 3436
3103, 1422, 1849, 621, 2720, 4495, 3332, 717, 301, 1675
3851, 3430, 1734, 1565, 3409, 1440, 4849, 2097, 1587, 3791
4597, 1395, 1169, 1223, 1920, 1340, 2202, 1418, 244, 2290
1754, 1903, 331, 1209, 1336, 1645, 4376, 294, 46, 4361
681, 4153, 1455, 4107, 4502, 3182, 17, 3100, 3309, 3376
2312, 3579, 499, 1500, 868, 565, 4835, 4904, 362, 4786
1979, 4986, 1718, 2196, 2614, 1421, 1526, 4228, 1341, 229
115, 4974, 4275, 1205, 3377, 1689, 4455, 3795, 1534, 3998
856, 2011, 630, 1978, 3970, 4589, 2117, 1882, 2741, 163
1605, 4915, 340, 3845, 1582, 3620, 288, 2124, 1230, 3107
4812, 651, 4386, 4769, 772, 4998, 441, 2930, 1032, 1438
2556, 3486, 185, 3924, 2611, 2572, 3743, 821, 4030, 857
1957, 1871, 4176, 1446, 2489, 2575, 3648, 2919, 2143, 4741
2420, 1321, 614, 1717, 694, 1612, 4669, 1460, 1024, 1346
4602, 2483, 3691, 3883, 3077, 304, 1974, 248, 2242, 2248
3754, 2775, 903, 746, 3983, 3413, 1913, 2342, 3869, 850
4820, 3877, 162, 4119, 2094, 4586, 3075, 697, 529, 4377
4993, 489, 3299, 2714, 1508, 4728, 2031, 3465, 647, 2283
2062, 3801, 689, 3055, 1089, 2159, 1786, 1251, 1465, 4655
102, 2079, 1671, 3448, 1691, 3453, 462, 3504, 2696, 3445
951, 4288, 519, 543, 4182, 3073, 4953, 2361, 1175, 2186
2101, 2990, 2892, 3901, 4765, 4642, 3746, 3942, 3001, 2894
3395, 2167, 2265, 3599, 730, 704, 2491, 3262, 1827, 285
2169, 4892, 3844, 3364, 217, 449, 4874, 4538, 3569, 1698
2081, 1295, 4709, 4963, 3930, 3602, 3320, 2745, 2121, 460
3809, 4475, 2983, 3578, 4244, 3736, 4999, 91, 1018, 3919
3997, 2790, 955, 2826, 2358, 3971, 113, 1412, 4946, 4607
333, 2094, 3262, 1329, 450, 4175, 2960, 3737, 1619, 1821
2673, 892, 2325, 2415, 2713, 3021, 1865, 216, 2976, 4454
3831, 2438, 2630, 4602, 4756, 3864, 2679, 1424, 2005, 908
3935, 1131, 2144, 4433, 3529, 2705, 2133, 182, 3926, 130
1825, 808, 2745, 19, 1374, 4264, 1829, 663, 486, 2998
2231, 3834, 3372, 2688, 4110, 525, 2915, 3368, 131, 1365
3344, 4417, 2508, 4461, 1203, 4938, 21, 499, 903, 2905
3272, 1357, 94, 4025, 2148, 50, 4995, 2400, 460, 2413
4144, 2290, 3182, 3382, 833, 2394, 1253, 3620, 1473, 2082
3141, 34, 4157, 4186, 95, 2969, 2174, 403, 4104, 1061
1258, 1700, 3746, 3381, 3257, 2452, 4174, 3876, 2152, 4859
3961, 786, 918, 2703, 4524, 2750, 3839, 4564, 847, 1272
3106, 68, 4222, 3000, 907, 381, 3930, 2654, 3514, 3380
1582, 3502, 2304, 1895, 2232, 2859, 3295, 236, 1958, 2642
3601, 4421, 1932, 1221, 3615, 2509, 4997, 4497, 1100, 3005
1521, 3527, 2030, 2485, 4637, 1329, 1308, 4702, 68, 1625
4574, 1790, 4657, 509, 4990, 4750, 1418, 4584, 930, 3925
3960, 2726, 2677, 1753, 1949, 2778, 356, 3275, 1046, 766
3611, 293, 2654, 3193, 3024, 2292, 4506, 98, 1887, 4498
4526, 410, 2626, 758, 4718, 4453, 1602, 1534, 1380, 1816
3992, 419, 4160, 2596, 1750, 1774, 2036, 2754, 480, 1207
3468, 2655, 4084, 3745, 329, 2522, 1611, 4604, 1418, 49
548, 4121, 3653, 313, 1474, 911, 307, 1947, 77, 4190
3761, 4504, 3916, 2610, 699, 1064, 2612, 3946, 3434, 1289
4191, 206, 1627, 4441, 3210, 733, 223, 2150, 4017, 3581
3377, 3554, 4098, 742, 2137, 2692, 4362, 3008, 1775, 4288
1371, 168, 3856, 2953, 3522, 663, 853, 59, 867, 1569
1769, 3491, 3396, 66, 710, 4733, 2551, 4806, 698, 583
1003, 608, 3666, 714, 1662, 361, 1557, 1708, 3626, 3486
4601, 2584, 4728, 2203, 2140, 3186, 830, 2259, 3395, 2574
236, 4773, 1101, 2917, 897, 3982, 2971, 4353, 4944, 4810
2429, 2921, 1043, 4750, 3887, 1981, 2729, 3715, 2706, 1444
3182, 3087, 2837, 790, 3905, 3969, 4851, 4187, 224, 2142
3939, 2282, 976, 3758, 1422, 4337, 1056, 602, 2269, 2445
980, 4898, 4290, 2092, 412, 3431, 3123, 1038, 667, 3832
1306, 2409, 3934, 711, 3268, 878, 532, 4833, 3447, 2140
28, 4108, 3667, 4287, 512, 838, 1339, 3844, 1503, 4718
1227, 4142, 4469, 216, 2927, 36, 1649, 1854, 4125, 805
2616, 3790, 3930, 268, 1264, 4819, 3907, 3865, 1119, 4609
1862, 2644, 4296, 1829, 2977, 3797, 3018, 109, 2765, 421
3621, 3441, 117, 2518, 7, 3880, 1619, 906, 2517, 1616
219, 1173, 1544, 3055, 4898, 1544, 1960, 3565, 1624, 1071
4153, 4663, 2402, 641, 3231, 384, 4692, 1160, 3889, 4207
1768, 2772, 1182, 4401, 4538, 847, 1780, 3922, 2211, 920
2346, 2821, 4559, 4600, 4900, 1075, 553, 750, 1928, 3953
1099, 4345, 147, 1465, 3068, 610, 2931, 1753, 4411, 1175
1462, 2986, 4107, 1585, 78, 3424, 1433, 2691, 3021, 192
4658, 4668, 866, 3315, 3148, 2630, 2151, 4084, 1158, 790
1425, 3835, 3384, 3278, 974, 3772, 3947, 324, 1839, 516
1777, 4221, 3671, 3757, 3669, 673, 1149, 1541, 4422, 2708
2550, 4922, 1279, 3744, 3991, 4543, 2545, 4115, 1805, 4309
4646, 621, 2236, 4556, 1581, 814, 357, 4699, 4695, 1106
1643, 787, 2457, 3822, 3290, 3167, 2291, 4344, 4207, 381
1557, 4255, 2518, 3214, 1408, 1843, 1464, 1047, 3801, 2311
986, 2034, 4508, 3741, 2764, 1635, 1291, 865, 3603, 463
3892, 2795, 1590, 4810, 705, 2401, 147, 720, 3659, 1928
1406, 4857, 971, 2148, 2632, 250, 2530, 4899, 2291, 4971
1710, 2775, 853, 4409, 1916, 3454, 4796, 4039, 1828, 4042
270, 94, 3848, 4170, 1066, 4656, 2379, 831, 95, 3986
2150, 2108, 210, 998, 2889, 2519, 3106, 2173, 3125, 2678
2354, 1376, 4356, 1538, 2785, 1468, 3260, 66, 2285, 292
3839, 1558, 3651, 850, 1606, 4959, 1334, 1770, 3301, 1774
2504, 3509, 184, 4401, 4525, 4413, 1089, 4083, 2896, 4818
4713, 3026, 4547, 2162, 4054, 3244, 3512, 4986, 1601, 4475
2171, 4599, 4122, 3854, 2158, 2732, 2931, 4141, 4846, 3621
2251, 1043, 4621, 771, 4703, 2073, 958, 774, 1705, 4309
2276, 3514, 3571, 4126, 3798, 551, 1594, 2901, 3951, 2021
2969, 382, 100, 1142, 506, 1909, 1696, 4958, 4072, 4699
3903, 3065, 163, 1558, 3030, 4239, 1027, 861, 3788, 2148
4316, 3414, 3160, 3495, 1004, 659, 427, 944, 229, 2958
4138, 4472, 4466, 3763, 4949, 4788, 1839, 3383, 866, 1327
567, 3544, 942, 2533, 4742, 160, 2248, 758, 3256, 1782
1346, 3852, 4880, 1748, 3534, 3709, 278, 2948, 3023, 3375
2222, 2899, 1928, 2437, 766, 4962, 4564, 2307, 3433, 1287
203, 417, 1383, 1658, 3958, 2177, 1151, 2170, 4429, 4335
291, 1642, 4631, 679, 812, 1231, 4743, 173, 3709, 4736
3380, 1309, 2379, 4366, 3520, 2526, 2606, 204, 1677, 3198
4743, 3397, 426, 2808, 3582, 2889, 2817, 1770, 3401, 3831
1501, 4277, 156, 213, 696, 3745, 626, 1804, 3038, 4488
4512, 4452, 3293, 4956, 475, 457, 3243, 4878, 2341, 945
4567, 3982, 4537, 4403, 3500, 718, 3086, 2193, 3261, 2391
4719, 1747, 602, 2090, 4830, 2506, 3324, 4156, 2665, 4803
3054, 842, 4757, 3289, 643, 530, 413, 4271, 2342, 2232
1090, 4647, 2481, 1846, 3090, 88, 4575, 1935, 4527, 4760
1999, 4072, 654, 2328, 303, 2429, 4929, 790, 3549, 1159
4416, 1703, 4250, 2767, 962, 1979, 389, 1633, 4096, 3735
2945, 4725, 4871, 4239, 1822, 1049, 2518, 4815, 1969, 1405
452, 3811, 1365, 3295, 420, 4302, 1687, 3771, 2765, 2672
2939, 768, 2970, 3894, 593, 2453, 2961, 3593, 1919, 125
1043, 245, 2326, 1863, 3267, 3826, 4939, 4035, 1189, 2958
2965, 2026, 4, 667, 130, 4108, 4788, 4033, 3604, 2294
391, 4178, 2730, 1404, 24, 2618, 2241, 3495, 4880, 2119
1479, 2559, 2136, 3783, 3210, 174, 2942, 4490, 624, 1102
1569, 4562, 1626, 3938, 3409, 3854, 884, 1490, 3070, 4165
2272, 1339, 76, 1375, 1546, 61, 1431, 1847, 2692, 1817
3525, 4658, 2110, 2012, 1584, 1331, 1607, 3444, 1154, 3731
253, 2353, 420, 2717, 915, 3583, 1676, 3401, 1658, 1067
2482, 425, 3335, 1319, 4904, 285, 2072, 4126, 1385, 420
616, 4697, 2289, 4465, 4196, 1704, 1011, 3694, 3497, 3585
3084, 2926, 2550, 758, 3197, 3222, 569, 4703, 3102, 913
68, 2657, 615, 1823, 1011, 3924, 328, 876, 4933, 1328
2174, 1776, 1600, 2896, 2109, 3461, 1613, 3583, 3501, 98
3129, 4854, 1804, 339, 3861, 1309, 2182, 2929, 1238, 4231
4281, 4386, 2008, 3767, 3085, 3623, 3314, 4153, 3867, 103
162, 3788, 4876, 1231, 634, 4695, 3596, 796, 4222, 482
4280, 4090, 3810, 1802, 470, 3403, 3221, 3639, 3277, 991
3126, 165, 4420, 2750, 2714, 4576, 3072, 3832, 3309, 3111
2587, 3956, 4562, 4175, 3062, 389, 3036, 4103, 2821, 2331
80, 4696, 2317, 2580, 1220, 4341, 1992, 471, 4327, 3296
4459, 2179, 3833, 3635, 2670, 1802, 2985, 4854, 4318, 1429
1864, 794, 2142, 3931, 3974, 715, 3764, 602, 1792, 2005
886, 855, 4097, 4757, 484, 956, 4706, 3225, 4260, 2762
3905, 1053, 1886, 1348, 959, 4891, 4833, 2923, 2375, 4388
3884, 1633, 2015, 145, 1229, 4155, 3478, 549, 3493, 2344
1567, 3822, 467, 3118, 3300, 1860, 3231, 3710, 4622, 1884
2031, 1820, 1119, 3452, 4567, 4504, 4631, 3823, 4190, 3785
2036, 3738, 127, 1267, 76, 3147, 1752, 600, 1941, 694
3797, 4986, 1051, 1802, 3286, 4795, 1566, 4835, 3490, 214
2263, 2615, 475, 2513, 2313, 4210, 1651, 1814, 1330, 4997
208, 68, 1256, 2522, 4889, 1604, 1201, 4940, 4343, 1950
3372, 3029, 3230, 3957, 1611, 2772, 3994, 2358, 2440, 1754
2673, 429, 2597, 1982, 4599, 4815, 3296, 1218, 3601, 161
427, 1120, 4270, 2564, 3932, 4421, 3437, 3584, 96, 2289
685, 738, 3758, 1635, 4045, 993, 4986, 4994, 4959, 619
3126, 693, 246, 3769, 322, 97, 877, 182, 2713, 4548
3596, 4598, 2332, 4697, 279, 4856, 750, 779, 2086, 2153
4462, 3230, 1329, 2227, 3177, 523, 675, 232, 493, 1299
2422, 3560, 557, 2452, 1602, 3301, 1104, 4654, 1181, 1712
4724, 2318, 2614, 4346, 1906, 1647, 24, 136, 2307, 617
2575, 2615, 1922, 2984, 2785, 689, 2319, 1987, 355, 3883
475, 4256, 3472, 955, 52, 4201, 2918, 346, 3200, 4496
4031, 3463, 1646, 2709, 1152, 4471, 322, 4141, 523, 3218
1707, 228, 3834, 4131, 1183, 4895, 2818, 4206, 2295, 2017
4031, 1751, 2110, 4490, 670, 173, 2424, 4879, 2933, 1426
3458, 26, 4549, 962, 3425, 56, 2713, 3667, 2181, 2191
3338, 2324, 1331, 2994, 3487, 4072, 999, 937, 611, 3507
1108, 463, 377, 2492, 3950, 463, 2642, 4475, 327, 759
4370, 4936, 2104, 2114, 2407, 648, 1946, 2237, 2116, 1522
2608, 512, 1083, 3268, 39, 4226, 3137, 1158, 210, 4225
2449, 4875, 2326, 2809, 2750, 3625, 3520, 1040, 4854, 1547
1221, 2870, 133, 4510, 2306, 3442, 634, 584, 3404, 291
4248, 4957, 2124, 2650, 2336, 4921, 1595, 472, 4026, 392
3192, 1906, 2762, 2703, 4043, 53, 1149, 1600, 128, 2263
667, 3124, 1915, 1475, 687, 3707, 2141, 322, 557, 975
591, 4409, 1538, 1454, 778, 2742, 84, 4192, 693, 3744
28, 4018, 2498, 4549, 1196, 684, 3350, 96, 1821, 3444
495, 890, 803, 2723, 1819, 3377, 1601, 834, 963, 3776
1714, 367, 4112, 2232, 1985, 3415, 4650, 1785, 4105, 612
2283, 3302, 2609, 1927, 3320, 1925, 1962, 2168, 2424, 2533
4314, 3422, 3680, 1815, 1637, 844, 2206, 2394, 3940, 2794
619, 1745, 1554, 1336, 785, 1544, 2494, 578, 1338, 1120
136, 939, 4487, 2143, 2873, 1156, 2738, 211, 285, 4986
2499, 4489, 949, 3659, 2926, 4026, 1726, 3355, 673, 3271
1407, 4802, 667, 3489, 1357, 286, 4114, 1034, 3863, 254
4755, 3107, 228, 3800, 3347, 754, 2267, 3766, 2822, 2210
12, 2356, 1672, 4648, 3406, 1998, 3236, 2944, 2993, 3768
