445, 661, 388, 954, 367, 570, 8, 778, 838, 7
443, 785, 698, 230, 493, 991, 7, 393, 932, 170
445, 813, 433, 916, 843, 310, 255, 683, 765, 454
189, 824, 417, 283, 936, 297, 911, 136, 757, 647
474, 598, 771, 939, 16, 608, 218, 568, 220, 432
919, 53, 815, 484, 350, 828, 489, 743, 118, 93
219, 780, 487, 467, 811, 318, 847, 90, 747, 283
151, 115, 89, 805, 109, 600, 684, 782, 583, 604
821, 815, 871, 272, 257, 933, 453, 553, 940, 867
416, 88, 878, 286, 869, 732, 569, 351, 237, 672
75, 556, 993, 249, 85, 846, 523, 117, 683, 888
797, 382, 823, 591, 197, 425, 826, 831, 362, 882
949, 810, 966, 840, 307, 720, 596, 731, 887, 686
470, 211, 816, 143, 883, 960, 147, 265, 522, 482
502, 549, 662, 191, 588, 170, 643, 879, 605, 530
70, 559, 792, 356, 456, 15, 984, 989, 486, 794
968, 957, 209, 328, 827, 767, 833, 3, 472, 294
73, 779, 980, 707, 289, 134, 462, 674, 101, 966
345, 540, 829, 329, 176, 173, 469, 755, 381, 803
457, 533, 847, 367, 115, 741, 616, 649, 347, 742
587, 571, 49, 745, 300, 341, 826, 942, 780, 873
288, 289, 550, 805, 504, 118, 611, 637, 174, 513
814, 132, 238, 496, 696, 916, 38, 780, 384, 50
76, 200, 376, 67, 622, 207, 428, 146, 711, 951
523, 588, 489, 676, 675, 746, 86, 496, 94, 837
53, 420, 855, 560, 844, 178, 799, 629, 138, 77
34, 195, 75, 285, 988, 800, 261, 928, 422, 328
246, 821, 974, 286, 357, 89, 721, 718, 472, 802
304, 10, 490, 16, 366, 255, 15, 420, 626, 491
916, 362, 940, 432, 726, 318, 58, 758, 447, 106
265, 2, 823, 684, 945, 688, 916, 550, 571, 981
10, 916, 431, 184, 321, 572, 535, 744, 879, 619
707, 557, 900, 416, 335, 638, 660, 681, 617, 840
905, 5, 258, 466, 864, 431, 366, 103, 201, 197
802, 113, 487, 232, 985, 17, 654, 131, 736, 401
299, 111, 945, 563, 180, 409, 784, 955, 540, 798
15, 757, 577, 250, 563, 435, 498, 55, 288, 91
930, 929, 379, 968, 671, 236, 866, 426, 774, 15
778, 972, 136, 336, 590, 833, 165, 625, 742, 283
483, 266, 460, 570, 747, 1, 114, 869, 538, 201
611, 211, 513, 964, 242, 930, 923, 927, 818, 605
325, 247, 716, 748, 442, 369, 2, 595, 93, 45
3, 288, 495, 626, 280, 353, 582, 818, 453, 128
959, 830, 674, 136, 920, 907, 862, 900, 35, 375
462, 663, 98, 194, 656, 701, 68, 748, 408, 22
988, 37, 863, 73, 673, 873, 971, 515, 995, 803
884, 238, 243, 945, 674, 863, 487, 139, 575, 396
661, 271, 470, 214, 222, 172, 169, 78, 454, 246
644, 61, 877, 698, 465, 487, 721, 527, 85, 222
752, 507, 648, 798, 116, 381, 658, 997, 407, 789
310, 269, 33, 644, 607, 479, 313, 19, 488, 452
798, 175, 292, 61, 290, 350, 557, 917, 68, 419
876, 719, 384, 705, 31, 455, 225, 352, 7, 632
497, 375, 346, 183, 496, 778, 871, 297, 368, 394
698, 140, 323, 406, 45, 414, 576, 682, 641, 593
999, 855, 81, 818, 608, 433, 852, 758, 890, 550
913, 838, 752, 311, 640, 934, 916, 564, 571, 274
637, 298, 973, 317, 2, 262, 160, 749, 31, 669
460, 497, 508, 588, 958, 888, 48, 188, 194, 486
351, 431, 644, 52, 813, 575, 569, 552, 354, 952
552, 571, 598, 376, 385, 208, 218, 824, 902, 836
260, 620, 257, 517, 831, 601, 80, 559, 182, 198
458, 424, 590, 602, 897, 365, 879, 737, 922, 707
243, 477, 913, 158, 950, 199, 842, 280, 465, 562
857, 286, 212, 261, 206, 588, 818, 720, 785, 633
191, 650, 319, 462, 868, 837, 307, 651, 431, 526
495, 729, 132, 742, 619, 234, 539, 119, 591, 62
340, 86, 553, 900, 270, 745, 802, 921, 176, 14
505, 360, 305, 903, 829, 904, 413, 77, 827, 205
314, 635, 746, 867, 459, 438, 840, 67, 815, 565
624, 89, 304, 49, 87, 689, 663, 620, 560, 834
270, 90, 453, 579, 784, 880, 715, 235, 368, 259
395, 774, 462, 766, 415, 454, 785, 464, 549, 99
608, 348, 173, 721, 790, 937, 9, 145, 506, 245
296, 957, 719, 296, 702, 682, 856, 584, 38, 980
832, 825, 363, 642, 163, 533, 520, 105, 444, 152
130, 692, 604, 454, 190, 126, 384, 556, 310, 106
199, 899, 616, 92, 328, 329, 436, 81, 719, 323
889, 701, 271, 473, 384, 606, 497, 935, 197, 341
635, 519, 89, 26, 207, 810, 748, 32, 510, 973
319, 970, 356, 868, 392, 42, 737, 630, 653, 275
17, 372, 910, 623, 252, 545, 392, 508, 23, 843
893, 548, 853, 261, 382, 231, 169, 383, 224, 10
395, 587, 291, 35, 748, 778, 286, 776, 723, 270
826, 707, 330, 482, 592, 19, 616, 979, 744, 246
990, 822, 860, 3, 166, 923, 28, 506, 501, 487
166, 416, 975, 592, 658, 128, 669, 600, 548, 679
881, 1, 597, 946, 342, 160, 111, 35, 370, 381
251, 10, 660, 60, 96, 669, 348, 269, 166, 936
118, 932, 189, 827, 300, 971, 727, 740, 474, 776
443, 826, 634, 146, 906, 693, 814, 800, 247, 905
959, 73, 78, 16, 914, 5, 66, 97, 879, 953
881, 447, 849, 685, 19, 510, 726, 939, 806, 781
380, 97, 954, 837, 589, 771, 86, 412, 632, 522
503, 949, 36, 605, 367, 906, 313, 719, 987, 51
66, 387, 356, 870, 520, 735, 626, 680, 451, 456
662, 990, 665, 705, 276, 993, 582, 863, 274, 962
448, 710, 140, 260, 98, 918, 214, 297, 753, 150
439, 258, 337, 796, 838, 966, 783, 480, 678, 308
905, 427, 431, 193, 51, 900, 937, 750, 709, 140
