1383, 73, 1667, 168, 1582, 926, 1532, 1344, 1760, 1815
936, 1101, 444, 370, 1005, 1357, 1643, 355, 252, 225
1869, 636, 1161, 1450, 1002, 118, 1440, 1778, 1300, 51
1049, 946, 1424, 1973, 676, 1125, 1870, 1949, 1177, 228
484, 1698, 397, 1008, 1659, 893, 727, 1701, 1828, 1514
1128, 865, 1835, 1031, 950, 1250, 1182, 459, 1449, 440
1225, 6, 430, 668, 29, 1997, 1311, 1403, 1975, 1025
1296, 318, 381, 603, 1626, 214, 1475, 585, 528, 1533
1660, 1749, 490, 1167, 890, 417, 1973, 712, 516, 580
1400, 291, 1656, 1844, 356, 1010, 408, 59, 467, 908
768, 1544, 741, 559, 1599, 172, 1432, 1489, 1002, 1688
1300, 645, 571, 1674, 1925, 147, 1424, 370, 1942, 68
928, 1569, 1923, 650, 180, 669, 1744, 967, 1816, 682
992, 1283, 512, 17, 1726, 548, 783, 1626, 371, 1851
1069, 1732, 1353, 1875, 1498, 1245, 1838, 1547, 474, 58
1482, 715, 200, 1761, 541, 1737, 353, 568, 1880, 537
1075, 1196, 225, 222, 227, 127, 370, 1880, 813, 293
206, 523, 602, 1375, 140, 478, 543, 1522, 485, 1054
1683, 927, 978, 752, 11, 1277, 1119, 1410, 792, 1238
223, 1516, 1477, 1827, 772, 895, 1317, 1405, 1752, 201
1079, 899, 890, 186, 1323, 1853, 678, 1749, 1054, 1821
1919, 180, 1462, 1319, 27, 1090, 1853, 853, 1969, 1757
1451, 1688, 1176, 1593, 1369, 502, 287, 120, 1153, 306
1498, 1587, 1527, 722, 877, 1391, 654, 1218, 1684, 1217
249, 193, 623, 1067, 1293, 1431, 1441, 420, 307, 690
1178, 89, 1392, 1711, 429, 101, 256, 77, 1536, 1179
1980, 1564, 1062, 511, 777, 1822, 943, 163, 260, 1179
1309, 527, 1056, 1580, 1884, 574, 1181, 417, 649, 316
905, 1921, 174, 1784, 432, 1876, 313, 473, 384, 276
145, 146, 1872, 1323, 1462, 970, 535, 1378, 1230, 1655
1294, 1704, 752, 18, 1560, 634, 1268, 1252, 695, 129
1723, 1201, 1861, 1682, 33, 458, 1910, 1279, 937, 524
1802, 345, 947, 1443, 1918, 804, 273, 1072, 183, 475
1868, 729, 703, 1187, 965, 1663, 514, 714, 910, 1013
1655, 1846, 818, 1796, 562, 1264, 441, 38, 231, 1281
816, 18, 1041, 1967, 1208, 1876, 753, 1940, 20, 1115
255, 506, 210, 714, 1825, 1303, 387, 1392, 1623, 1559
1669, 1770, 1912, 824, 561, 705, 1049, 1476, 496, 939
1374, 1311, 664, 325, 986, 661, 1058, 272, 803, 1302
897, 1607, 1323, 1306, 1521, 341, 1216, 1466, 3, 1936
1000, 54, 1048, 984, 1186, 262, 618, 1922, 437, 993
1411, 997, 453, 1810, 44, 92, 181, 1007, 1859, 1695
1171, 1281, 773, 370, 1188, 1643, 928, 1331, 893, 1104
378, 1678, 247, 67, 116, 1462, 753, 477, 1164, 1777
1343, 304, 1799, 1518, 169, 1912, 605, 1779, 1338, 1825
1970, 1630, 1608, 87, 268, 694, 175, 236, 1977, 1121
429, 22, 287, 122, 1612, 1389, 168, 686, 186, 313
1336, 1003, 822, 1357, 284, 116, 156, 1206, 1846, 1753
636, 1791, 342, 1885, 1981, 602, 112, 1348, 821, 1226
877, 34, 328, 286, 495, 1501, 525, 811, 1411, 362
550, 1431, 401, 1225, 141, 941, 1947, 1065, 151, 432
36, 784, 712, 1180, 1824, 1004, 1536, 1339, 1048, 31
752, 1127, 1329, 134, 1031, 682, 390, 1793, 48, 1200
1662, 877, 557, 55, 496, 1442, 1213, 1665, 1789, 59
77, 1558, 323, 1052, 562, 147, 1716, 1191, 888, 1532
369, 1486, 573, 1670, 928, 1266, 1922, 394, 803, 940
14, 1640, 1083, 874, 16, 368, 595, 89, 385, 93
1042, 83, 1362, 1466, 1327, 1816, 1194, 881, 1608, 1880
809, 992, 1454, 1482, 1667, 263, 70, 1472, 890, 286
904, 1278, 1497, 619, 632, 991, 427, 995, 453, 1101
853, 951, 539, 1839, 327, 213, 1820, 1239, 1518, 977
147, 325, 1879, 865, 1701, 552, 1830, 342, 112, 1897
1486, 1187, 23, 889, 1452, 1288, 501, 495, 667, 1442
1124, 1628, 1622, 273, 122, 439, 103, 1558, 140, 766
1421, 503, 175, 1252, 493, 382, 1037, 994, 1368, 1098
1969, 1879, 945, 143, 163, 1609, 478, 1899, 661, 1269
527, 1241, 1421, 608, 1162, 1806, 1791, 1262, 1784, 1968
1695, 1841, 373, 1046, 906, 1588, 1973, 1916, 1334, 400
453, 1174, 459, 1023, 812, 1232, 254, 257, 1495, 1054
514, 947, 1355, 353, 738, 471, 831, 274, 675, 1324
1097, 673, 563, 1322, 148, 332, 1392, 1202, 43, 1229
909, 411, 1964, 527, 1287, 177, 1899, 1629, 1772, 665
440, 562, 166, 1259, 600, 709, 1386, 1682, 991, 1615
328, 528, 629, 1432, 222, 1974, 1739, 1407, 1300, 298
1548, 598, 1401, 381, 678, 698, 671, 907, 1596, 920
101, 685, 1661, 1535, 1795, 197, 1373, 1058, 463, 1375
934, 352, 1822, 657, 719, 1496, 143, 1286, 1188, 12
1146, 39, 1837, 93, 191, 1974, 878, 1034, 836, 1335
971, 1915, 1061, 822, 353, 1900, 708, 1202, 1929, 697
178, 1470, 283, 626, 1047, 241, 1787, 1711, 1697, 493
334, 906, 1058, 810, 617, 1469, 1457, 464, 1412, 167
1209, 1758, 1596, 461, 28, 514, 81, 121, 1959, 1668
462, 554, 749, 755, 1400, 526, 68, 596, 872, 1254
778, 376, 664, 1070, 1616, 1282, 814, 1033, 761, 1187
106, 1621, 946, 980, 47, 1580, 669, 391, 945, 1617
977, 1062, 286, 396, 151, 871, 1062, 236, 186, 454
642, 1131, 814, 1726, 1978, 1008, 125, 349, 849, 1708
564, 1422, 292, 1628, 229, 1364, 1837, 1994, 741, 880
1225, 1029, 1852, 701, 1774, 1094, 1139, 280, 994, 1349
1645, 537, 792, 920, 1613, 1736, 539, 1279, 1541, 1166
777, 1559, 1247, 226, 1013, 1608, 585, 1509, 521, 1107
660, 994, 1638, 1619, 1596, 1908, 1964, 1189, 387, 1438
600, 1883, 899, 128, 596, 1143, 603, 1211, 1211, 146
1425, 1246, 18, 1506, 135, 232, 1658, 214, 703, 1929
940, 58, 836, 1493, 22, 1587, 1005, 954, 583, 156
1807, 255, 422, 339, 216, 491, 602, 440, 1288, 111
1462, 240, 1658, 1636, 1393, 1901, 1590, 1334, 1946, 195
1640, 1478, 1065, 198, 994, 1191, 1597, 1994, 1601, 325
335, 958, 21, 897, 1459, 1378, 776, 415, 1949, 1563
115, 1383, 66, 645, 1186, 407, 1284, 578, 79, 1296
943, 1741, 1030, 1613, 1172, 1052, 820, 792, 1197, 585
627, 151, 689, 1298, 1268, 1436, 1163, 868, 640, 1954
753, 1361, 71, 1886, 51, 1192, 1828, 419, 791, 1540
348, 1428, 301, 1560, 1817, 1919, 1081, 1591, 1126, 332
1209, 959, 17, 233, 1153, 1436, 618, 996, 638, 1334
567, 1034, 1109, 898, 574, 1664, 1119, 477, 497, 390
1342, 995, 702, 1766, 102, 431, 261, 804, 1122, 1852
146, 1724, 114, 1204, 399, 1987, 1813, 828, 1940, 1093
242, 234, 1770, 1793, 1900, 666, 160, 497, 1220, 1680
1527, 1407, 1804, 1502, 1781, 895, 387, 278, 353, 407
1753, 750, 1954, 1153, 1883, 230, 463, 1522, 296, 1456
1446, 44, 1761, 27, 1120, 1028, 20, 1807, 1664, 976
1846, 264, 399, 1509, 742, 1858, 211, 1687, 1790, 1246
869, 1701, 93, 1971, 385, 1351, 559, 678, 1292, 286
341, 1386, 560, 971, 1433, 635, 1068, 1259, 122, 1042
662, 1706, 851, 301, 1401, 490, 1006, 1797, 1940, 735
997, 851, 1381, 1022, 926, 12, 413, 1641, 1359, 708
1571, 1569, 188, 571, 257, 1633, 1996, 1096, 495, 450
935, 914, 1381, 878, 1307, 214, 1, 701, 1069, 493
443, 1553, 1766, 230, 1847, 271, 1592, 965, 1468, 1466
763, 720, 1290, 804, 1574, 1132, 786, 313, 1244, 252
1712, 998, 1692, 664, 51, 674, 206, 1592, 1960, 1048
1036, 1365, 1113, 1592, 359, 1377, 674, 404, 1073, 40
1940, 1024, 1640, 436, 969, 1173, 733, 961, 1464, 139
610, 1927, 689, 682, 264, 1424, 1460, 1381, 324, 1308
157, 817, 1987, 1718, 222, 586, 627, 363, 950, 933
757, 1830, 1514, 1883, 287, 548, 1639, 760, 778, 175
645, 969, 667, 693, 1772, 1498, 921, 477, 1890, 384
481, 331, 96, 1854, 327, 433, 1519, 1472, 24, 641
929, 512, 375, 1035, 1905, 675, 1831, 531, 466, 143
281, 1250, 161, 1517, 985, 595, 1637, 927, 699, 1327
1258, 109, 1102, 1326, 393, 785, 1167, 1003, 1235, 312
939, 1167, 1620, 870, 115, 819, 1582, 1646, 1703, 1992
204, 843, 1500, 1075, 1501, 1649, 1008, 1713, 1463, 1024
583, 810, 918, 1094, 34, 1720, 402, 1351, 746, 1650
1276, 1166, 750, 610, 733, 1895, 337, 263, 310, 1509
427, 1422, 1673, 1411, 1723, 422, 708, 583, 414, 1299
1861, 270, 668, 588, 846, 1210, 58, 1503, 734, 18
767, 1897, 934, 641, 429, 207, 1922, 1352, 7, 1787
1912, 1021, 627, 1279, 1848, 321, 80, 1865, 1813, 323
1126, 1192, 1029, 812, 1239, 917, 1917, 1463, 1782, 1645
1683, 1046, 756, 1844, 808, 1571, 350, 736, 1460, 1503
1156, 1712, 1261, 492, 1103, 635, 1616, 1971, 136, 125
1582, 1684, 1710, 252, 1789, 773, 817, 1734, 92, 1828
1793, 423, 222, 662, 1012, 914, 451, 618, 1307, 858
728, 1592, 643, 311, 1423, 819, 496, 1494, 264, 1013
436, 1446, 795, 1211, 906, 447, 845, 780, 412, 1696
515, 149, 1319, 809, 1926, 1670, 1181, 761, 1306, 840
1154, 700, 1100, 363, 183, 770, 1820, 1781, 1975, 221
1899, 1799, 932, 608, 312, 444, 1637, 291, 772, 1732
1556, 1124, 229, 1576, 1095, 1576, 429, 922, 727, 318
450, 1520, 1984, 1158, 60, 124, 1268, 1956, 58, 1161
1073, 572, 1861, 229, 633, 1522, 1208, 117, 1429, 244
448, 226, 1899, 985, 1182, 1611, 1789, 973, 86, 1554
949, 1410, 380, 1670, 1333, 1934, 1044, 1571, 1393, 253
1281, 267, 1288, 1547, 275, 831, 1897, 1468, 684, 1400
1624, 931, 567, 639, 306, 64, 1993, 178, 478, 983
567, 79, 648, 1264, 1709, 1386, 1732, 97, 1093, 395
557, 1379, 1717, 469, 1126, 1795, 1718, 1378, 1966, 735
195, 1989, 1306, 1394, 1137, 1088, 302, 1862, 748, 529
1836, 492, 1604, 1835, 1418, 1938, 127, 1742, 232, 1979
1345, 212, 1149, 1514, 741, 46, 849, 1671, 1084, 1434
1882, 1328, 1514, 1048, 276, 54, 394, 786, 1849, 908
1686, 1892, 984, 573, 1777, 909, 1305, 1732, 1595, 912
1796, 312, 1248, 715, 871, 1736, 228, 736, 1213, 1416
451, 497, 1267, 1844, 1657, 41, 806, 262, 1500, 432
1988, 1293, 907, 1776, 1300, 746, 930, 1801, 870, 1257
588, 823, 656, 251, 1746, 132, 1229, 1689, 784, 1847
444, 1072, 656, 1732, 387, 761, 174, 999, 1358, 1774
467, 1799, 607, 379, 1636, 675, 150, 1653, 627, 105
984, 1935, 590, 1384, 98, 1144, 659, 1526, 1062, 1096
272, 416, 755, 870, 1549, 1009, 1012, 1763, 908, 900
386, 1936, 528, 1332, 1672, 752, 1385, 406, 248, 313
1814, 69, 1445, 1283, 1827, 1416, 1434, 1588, 1542, 1866
706, 77, 537, 330, 1773, 1409, 1978, 531, 1142, 687
684, 877, 1751, 462, 228, 1890, 1065, 97, 7, 1148
131, 1997, 1832, 40, 1607, 449, 529, 1408, 911, 292
720, 1088, 1179, 143, 735, 756, 1885, 927, 766, 1615
197, 1088, 268, 243, 869, 421, 700, 975, 667, 462
969, 613, 1659, 654, 1981, 627, 1298, 1258, 55, 1159
762, 1610, 230, 1042, 422, 1549, 798, 1954, 1919, 235
553, 1839, 1280, 411, 1951, 1413, 566, 1290, 210, 1642
902, 76, 1618, 60, 498, 1726, 641, 370, 1985, 1514
285, 679, 1240, 1738, 377, 327, 1588, 118, 1096, 117
1608, 623, 1692, 1668, 765, 1196, 16, 465, 156, 1786
1797, 51, 1840, 1302, 676, 1496, 112, 393, 1024, 1450
40, 1482, 1741, 503, 461, 274, 4, 673, 728, 849
992, 1504, 679, 402, 435, 1246, 1069, 558, 675, 965
253, 237, 1475, 800, 26, 1904, 1867, 1029, 1055, 327
1886, 683, 1958, 400, 402, 1200, 1379, 1942, 1925, 1905
1065, 596, 127, 1452, 467, 920, 1837, 464, 434, 1501
93, 994, 1524, 1302, 396, 1361, 810, 670, 544, 359
255, 1459, 871, 381, 1433, 1600, 206, 1503, 1168, 843
1102, 1086, 732, 312, 1774, 225, 1071, 92, 1544, 1309
1873, 410, 1224, 1190, 100, 1206, 955, 1283, 98, 475
516, 251, 906, 197, 1593, 123, 786, 1023, 1912, 868
775, 650, 721, 1658, 285, 1830, 109, 1525, 106, 27
948, 1853, 1470, 1862, 1092, 209, 1876, 1027, 1886, 1354
1372, 1303, 244, 1261, 809, 762, 568, 1713, 809, 1700
412, 413, 702, 1402, 867, 1350, 820, 1855, 1095, 25
